DAQ	Glob	AB	FEMB	ASIC	ASICch	View	ViewCh
0	810	0	6	0	0	0	810
1	811	0	6	0	1	0	811
2	812	0	6	0	2	0	812
3	813	0	6	0	3	0	813
4	814	0	6	0	4	0	814
5	815	0	6	0	5	0	815
6	816	0	6	0	6	0	816
7	817	0	6	0	7	0	817
8	818	0	6	0	8	0	818
9	819	0	6	0	9	0	819
10	820	0	6	0	10	0	820
11	821	0	6	0	11	0	821
12	822	0	6	0	12	0	822
13	823	0	6	0	13	0	823
14	824	0	6	0	14	0	824
15	825	0	6	0	15	0	825
16	1681	0	6	1	0	1	729
17	1680	0	6	1	1	1	728
18	1679	0	6	1	2	1	727
19	1678	0	6	1	3	1	726
20	1677	0	6	1	4	1	725
21	1676	0	6	1	5	1	724
22	1675	0	6	1	6	1	723
23	1674	0	6	1	7	1	722
24	1673	0	6	1	8	1	721
25	1672	0	6	1	9	1	720
26	1671	0	6	1	10	1	719
27	1670	0	6	1	11	1	718
28	1669	0	6	1	12	1	717
29	1668	0	6	1	13	1	716
30	1667	0	6	1	14	1	715
31	1666	0	6	1	15	1	714
32	1665	0	6	2	0	1	713
33	1664	0	6	2	1	1	712
34	1663	0	6	2	2	1	711
35	1662	0	6	2	3	1	710
36	1661	0	6	2	4	1	709
37	1660	0	6	2	5	1	708
38	1659	0	6	2	6	1	707
39	1658	0	6	2	7	1	706
40	1657	0	6	2	8	1	705
41	1656	0	6	2	9	1	704
42	1655	0	6	2	10	1	703
43	1654	0	6	2	11	1	702
44	1653	0	6	2	12	1	701
45	1652	0	6	2	13	1	700
46	1651	0	6	2	14	1	699
47	1650	0	6	2	15	1	698
48	794	0	6	3	0	0	794
49	795	0	6	3	1	0	795
50	796	0	6	3	2	0	796
51	797	0	6	3	3	0	797
52	798	0	6	3	4	0	798
53	799	0	6	3	5	0	799
54	800	0	6	3	6	0	800
55	801	0	6	3	7	0	801
56	802	0	6	3	8	0	802
57	803	0	6	3	9	0	803
58	804	0	6	3	10	0	804
59	805	0	6	3	11	0	805
60	806	0	6	3	12	0	806
61	807	0	6	3	13	0	807
62	808	0	6	3	14	0	808
63	809	0	6	3	15	0	809
64	778	0	6	4	0	0	778
65	779	0	6	4	1	0	779
66	780	0	6	4	2	0	780
67	781	0	6	4	3	0	781
68	782	0	6	4	4	0	782
69	783	0	6	4	5	0	783
70	784	0	6	4	6	0	784
71	785	0	6	4	7	0	785
72	786	0	6	4	8	0	786
73	787	0	6	4	9	0	787
74	788	0	6	4	10	0	788
75	789	0	6	4	11	0	789
76	790	0	6	4	12	0	790
77	791	0	6	4	13	0	791
78	792	0	6	4	14	0	792
79	793	0	6	4	15	0	793
80	1649	0	6	5	0	1	697
81	1648	0	6	5	1	1	696
82	1647	0	6	5	2	1	695
83	1646	0	6	5	3	1	694
84	1645	0	6	5	4	1	693
85	1644	0	6	5	5	1	692
86	1643	0	6	5	6	1	691
87	1642	0	6	5	7	1	690
88	1641	0	6	5	8	1	689
89	1640	0	6	5	9	1	688
90	1639	0	6	5	10	1	687
91	1638	0	6	5	11	1	686
92	1637	0	6	5	12	1	685
93	1636	0	6	5	13	1	684
94	1635	0	6	5	14	1	683
95	1634	0	6	5	15	1	682
96	1633	0	6	6	0	1	681
97	1632	0	6	6	1	1	680
98	1631	0	6	6	2	1	679
99	1630	0	6	6	3	1	678
100	1629	0	6	6	4	1	677
101	1628	0	6	6	5	1	676
102	1627	0	6	6	6	1	675
103	1626	0	6	6	7	1	674
104	1625	0	6	6	8	1	673
105	1624	0	6	6	9	1	672
106	1623	0	6	6	10	1	671
107	1622	0	6	6	11	1	670
108	1621	0	6	6	12	1	669
109	1620	0	6	6	13	1	668
110	1619	0	6	6	14	1	667
111	1618	0	6	6	15	1	666
112	762	0	6	7	0	0	762
113	763	0	6	7	1	0	763
114	764	0	6	7	2	0	764
115	765	0	6	7	3	0	765
116	766	0	6	7	4	0	766
117	767	0	6	7	5	0	767
118	768	0	6	7	6	0	768
119	769	0	6	7	7	0	769
120	770	0	6	7	8	0	770
121	771	0	6	7	9	0	771
122	772	0	6	7	10	0	772
123	773	0	6	7	11	0	773
124	774	0	6	7	12	0	774
125	775	0	6	7	13	0	775
126	776	0	6	7	14	0	776
127	777	0	6	7	15	0	777
128	874	0	5	0	0	0	874
129	875	0	5	0	1	0	875
130	876	0	5	0	2	0	876
131	877	0	5	0	3	0	877
132	878	0	5	0	4	0	878
133	879	0	5	0	5	0	879
134	880	0	5	0	6	0	880
135	881	0	5	0	7	0	881
136	882	0	5	0	8	0	882
137	883	0	5	0	9	0	883
138	884	0	5	0	10	0	884
139	885	0	5	0	11	0	885
140	886	0	5	0	12	0	886
141	887	0	5	0	13	0	887
142	888	0	5	0	14	0	888
143	889	0	5	0	15	0	889
144	1745	0	5	1	0	1	793
145	1744	0	5	1	1	1	792
146	1743	0	5	1	2	1	791
147	1742	0	5	1	3	1	790
148	1741	0	5	1	4	1	789
149	1740	0	5	1	5	1	788
150	1739	0	5	1	6	1	787
151	1738	0	5	1	7	1	786
152	1737	0	5	1	8	1	785
153	1736	0	5	1	9	1	784
154	1735	0	5	1	10	1	783
155	1734	0	5	1	11	1	782
156	1733	0	5	1	12	1	781
157	1732	0	5	1	13	1	780
158	1731	0	5	1	14	1	779
159	1730	0	5	1	15	1	778
160	1729	0	5	2	0	1	777
161	1728	0	5	2	1	1	776
162	1727	0	5	2	2	1	775
163	1726	0	5	2	3	1	774
164	1725	0	5	2	4	1	773
165	1724	0	5	2	5	1	772
166	1723	0	5	2	6	1	771
167	1722	0	5	2	7	1	770
168	1721	0	5	2	8	1	769
169	1720	0	5	2	9	1	768
170	1719	0	5	2	10	1	767
171	1718	0	5	2	11	1	766
172	1717	0	5	2	12	1	765
173	1716	0	5	2	13	1	764
174	1715	0	5	2	14	1	763
175	1714	0	5	2	15	1	762
176	858	0	5	3	0	0	858
177	859	0	5	3	1	0	859
178	860	0	5	3	2	0	860
179	861	0	5	3	3	0	861
180	862	0	5	3	4	0	862
181	863	0	5	3	5	0	863
182	864	0	5	3	6	0	864
183	865	0	5	3	7	0	865
184	866	0	5	3	8	0	866
185	867	0	5	3	9	0	867
186	868	0	5	3	10	0	868
187	869	0	5	3	11	0	869
188	870	0	5	3	12	0	870
189	871	0	5	3	13	0	871
190	872	0	5	3	14	0	872
191	873	0	5	3	15	0	873
192	842	0	5	4	0	0	842
193	843	0	5	4	1	0	843
194	844	0	5	4	2	0	844
195	845	0	5	4	3	0	845
196	846	0	5	4	4	0	846
197	847	0	5	4	5	0	847
198	848	0	5	4	6	0	848
199	849	0	5	4	7	0	849
200	850	0	5	4	8	0	850
201	851	0	5	4	9	0	851
202	852	0	5	4	10	0	852
203	853	0	5	4	11	0	853
204	854	0	5	4	12	0	854
205	855	0	5	4	13	0	855
206	856	0	5	4	14	0	856
207	857	0	5	4	15	0	857
208	1713	0	5	5	0	1	761
209	1712	0	5	5	1	1	760
210	1711	0	5	5	2	1	759
211	1710	0	5	5	3	1	758
212	1709	0	5	5	4	1	757
213	1708	0	5	5	5	1	756
214	1707	0	5	5	6	1	755
215	1706	0	5	5	7	1	754
216	1705	0	5	5	8	1	753
217	1704	0	5	5	9	1	752
218	1703	0	5	5	10	1	751
219	1702	0	5	5	11	1	750
220	1701	0	5	5	12	1	749
221	1700	0	5	5	13	1	748
222	1699	0	5	5	14	1	747
223	1698	0	5	5	15	1	746
224	1697	0	5	6	0	1	745
225	1696	0	5	6	1	1	744
226	1695	0	5	6	2	1	743
227	1694	0	5	6	3	1	742
228	1693	0	5	6	4	1	741
229	1692	0	5	6	5	1	740
230	1691	0	5	6	6	1	739
231	1690	0	5	6	7	1	738
232	1689	0	5	6	8	1	737
233	1688	0	5	6	9	1	736
234	1687	0	5	6	10	1	735
235	1686	0	5	6	11	1	734
236	1685	0	5	6	12	1	733
237	1684	0	5	6	13	1	732
238	1683	0	5	6	14	1	731
239	1682	0	5	6	15	1	730
240	826	0	5	7	0	0	826
241	827	0	5	7	1	0	827
242	828	0	5	7	2	0	828
243	829	0	5	7	3	0	829
244	830	0	5	7	4	0	830
245	831	0	5	7	5	0	831
246	832	0	5	7	6	0	832
247	833	0	5	7	7	0	833
248	834	0	5	7	8	0	834
249	835	0	5	7	9	0	835
250	836	0	5	7	10	0	836
251	837	0	5	7	11	0	837
252	838	0	5	7	12	0	838
253	839	0	5	7	13	0	839
254	840	0	5	7	14	0	840
255	841	0	5	7	15	0	841
256	1864	1	2	0	0	1	912
257	2953	1	2	0	1	2	1049
258	1865	1	2	0	2	1	913
259	2956	1	2	0	3	2	1052
260	1866	1	2	0	4	1	914
261	2959	1	2	0	5	2	1055
262	1867	1	2	0	6	1	915
263	2962	1	2	0	7	2	1058
264	1868	1	2	0	8	1	916
265	2965	1	2	0	9	2	1061
266	1869	1	2	0	10	1	917
267	2968	1	2	0	11	2	1064
268	1870	1	2	0	12	1	918
269	2971	1	2	0	13	2	1067
270	1871	1	2	0	14	1	919
271	2974	1	2	0	15	2	1070
272	2975	1	2	1	0	2	1071
273	2973	1	2	1	1	2	1069
274	2972	1	2	1	2	2	1068
275	2970	1	2	1	3	2	1066
276	2969	1	2	1	4	2	1065
277	2967	1	2	1	5	2	1063
278	2966	1	2	1	6	2	1062
279	2964	1	2	1	7	2	1060
280	2963	1	2	1	8	2	1059
281	2961	1	2	1	9	2	1057
282	2960	1	2	1	10	2	1056
283	2958	1	2	1	11	2	1054
284	2957	1	2	1	12	2	1053
285	2955	1	2	1	13	2	1051
286	2954	1	2	1	14	2	1050
287	2952	1	2	1	15	2	1048
288	2951	1	2	2	0	2	1047
289	2949	1	2	2	1	2	1045
290	2948	1	2	2	2	2	1044
291	2946	1	2	2	3	2	1042
292	2945	1	2	2	4	2	1041
293	2943	1	2	2	5	2	1039
294	2942	1	2	2	6	2	1038
295	2940	1	2	2	7	2	1036
296	2939	1	2	2	8	2	1035
297	2937	1	2	2	9	2	1033
298	2936	1	2	2	10	2	1032
299	2934	1	2	2	11	2	1030
300	2933	1	2	2	12	2	1029
301	2931	1	2	2	13	2	1027
302	2930	1	2	2	14	2	1026
303	2928	1	2	2	15	2	1024
304	1856	1	2	3	0	1	904
305	2929	1	2	3	1	2	1025
306	1857	1	2	3	2	1	905
307	2932	1	2	3	3	2	1028
308	1858	1	2	3	4	1	906
309	2935	1	2	3	5	2	1031
310	1859	1	2	3	6	1	907
311	2938	1	2	3	7	2	1034
312	1860	1	2	3	8	1	908
313	2941	1	2	3	9	2	1037
314	1861	1	2	3	10	1	909
315	2944	1	2	3	11	2	1040
316	1862	1	2	3	12	1	910
317	2947	1	2	3	13	2	1043
318	1863	1	2	3	14	1	911
319	2950	1	2	3	15	2	1046
320	1848	1	2	4	0	1	896
321	2905	1	2	4	1	2	1001
322	1849	1	2	4	2	1	897
323	2908	1	2	4	3	2	1004
324	1850	1	2	4	4	1	898
325	2911	1	2	4	5	2	1007
326	1851	1	2	4	6	1	899
327	2914	1	2	4	7	2	1010
328	1852	1	2	4	8	1	900
329	2917	1	2	4	9	2	1013
330	1853	1	2	4	10	1	901
331	2920	1	2	4	11	2	1016
332	1854	1	2	4	12	1	902
333	2923	1	2	4	13	2	1019
334	1855	1	2	4	14	1	903
335	2926	1	2	4	15	2	1022
336	2927	1	2	5	0	2	1023
337	2925	1	2	5	1	2	1021
338	2924	1	2	5	2	2	1020
339	2922	1	2	5	3	2	1018
340	2921	1	2	5	4	2	1017
341	2919	1	2	5	5	2	1015
342	2918	1	2	5	6	2	1014
343	2916	1	2	5	7	2	1012
344	2915	1	2	5	8	2	1011
345	2913	1	2	5	9	2	1009
346	2912	1	2	5	10	2	1008
347	2910	1	2	5	11	2	1006
348	2909	1	2	5	12	2	1005
349	2907	1	2	5	13	2	1003
350	2906	1	2	5	14	2	1002
351	2904	1	2	5	15	2	1000
352	2903	1	2	6	0	2	999
353	2901	1	2	6	1	2	997
354	2900	1	2	6	2	2	996
355	2898	1	2	6	3	2	994
356	2897	1	2	6	4	2	993
357	2895	1	2	6	5	2	991
358	2894	1	2	6	6	2	990
359	2892	1	2	6	7	2	988
360	2891	1	2	6	8	2	987
361	2889	1	2	6	9	2	985
362	2888	1	2	6	10	2	984
363	2886	1	2	6	11	2	982
364	2885	1	2	6	12	2	981
365	2883	1	2	6	13	2	979
366	2882	1	2	6	14	2	978
367	2880	1	2	6	15	2	976
368	1840	1	2	7	0	1	888
369	2881	1	2	7	1	2	977
370	1841	1	2	7	2	1	889
371	2884	1	2	7	3	2	980
372	1842	1	2	7	4	1	890
373	2887	1	2	7	5	2	983
374	1843	1	2	7	6	1	891
375	2890	1	2	7	7	2	986
376	1844	1	2	7	8	1	892
377	2893	1	2	7	9	2	989
378	1845	1	2	7	10	1	893
379	2896	1	2	7	11	2	992
380	1846	1	2	7	12	1	894
381	2899	1	2	7	13	2	995
382	1847	1	2	7	14	1	895
383	2902	1	2	7	15	2	998
384	1896	1	1	0	0	1	944
385	3049	1	1	0	1	2	1145
386	1897	1	1	0	2	1	945
387	3052	1	1	0	3	2	1148
388	1898	1	1	0	4	1	946
389	3055	1	1	0	5	2	1151
390	1899	1	1	0	6	1	947
391	3058	1	1	0	7	2	1154
392	1900	1	1	0	8	1	948
393	3061	1	1	0	9	2	1157
394	1901	1	1	0	10	1	949
395	3064	1	1	0	11	2	1160
396	1902	1	1	0	12	1	950
397	3067	1	1	0	13	2	1163
398	1903	1	1	0	14	1	951
399	3070	1	1	0	15	2	1166
400	3071	1	1	1	0	2	1167
401	3069	1	1	1	1	2	1165
402	3068	1	1	1	2	2	1164
403	3066	1	1	1	3	2	1162
404	3065	1	1	1	4	2	1161
405	3063	1	1	1	5	2	1159
406	3062	1	1	1	6	2	1158
407	3060	1	1	1	7	2	1156
408	3059	1	1	1	8	2	1155
409	3057	1	1	1	9	2	1153
410	3056	1	1	1	10	2	1152
411	3054	1	1	1	11	2	1150
412	3053	1	1	1	12	2	1149
413	3051	1	1	1	13	2	1147
414	3050	1	1	1	14	2	1146
415	3048	1	1	1	15	2	1144
416	3047	1	1	2	0	2	1143
417	3045	1	1	2	1	2	1141
418	3044	1	1	2	2	2	1140
419	3042	1	1	2	3	2	1138
420	3041	1	1	2	4	2	1137
421	3039	1	1	2	5	2	1135
422	3038	1	1	2	6	2	1134
423	3036	1	1	2	7	2	1132
424	3035	1	1	2	8	2	1131
425	3033	1	1	2	9	2	1129
426	3032	1	1	2	10	2	1128
427	3030	1	1	2	11	2	1126
428	3029	1	1	2	12	2	1125
429	3027	1	1	2	13	2	1123
430	3026	1	1	2	14	2	1122
431	3024	1	1	2	15	2	1120
432	1888	1	1	3	0	1	936
433	3025	1	1	3	1	2	1121
434	1889	1	1	3	2	1	937
435	3028	1	1	3	3	2	1124
436	1890	1	1	3	4	1	938
437	3031	1	1	3	5	2	1127
438	1891	1	1	3	6	1	939
439	3034	1	1	3	7	2	1130
440	1892	1	1	3	8	1	940
441	3037	1	1	3	9	2	1133
442	1893	1	1	3	10	1	941
443	3040	1	1	3	11	2	1136
444	1894	1	1	3	12	1	942
445	3043	1	1	3	13	2	1139
446	1895	1	1	3	14	1	943
447	3046	1	1	3	15	2	1142
448	1880	1	1	4	0	1	928
449	3001	1	1	4	1	2	1097
450	1881	1	1	4	2	1	929
451	3004	1	1	4	3	2	1100
452	1882	1	1	4	4	1	930
453	3007	1	1	4	5	2	1103
454	1883	1	1	4	6	1	931
455	3010	1	1	4	7	2	1106
456	1884	1	1	4	8	1	932
457	3013	1	1	4	9	2	1109
458	1885	1	1	4	10	1	933
459	3016	1	1	4	11	2	1112
460	1886	1	1	4	12	1	934
461	3019	1	1	4	13	2	1115
462	1887	1	1	4	14	1	935
463	3022	1	1	4	15	2	1118
464	3023	1	1	5	0	2	1119
465	3021	1	1	5	1	2	1117
466	3020	1	1	5	2	2	1116
467	3018	1	1	5	3	2	1114
468	3017	1	1	5	4	2	1113
469	3015	1	1	5	5	2	1111
470	3014	1	1	5	6	2	1110
471	3012	1	1	5	7	2	1108
472	3011	1	1	5	8	2	1107
473	3009	1	1	5	9	2	1105
474	3008	1	1	5	10	2	1104
475	3006	1	1	5	11	2	1102
476	3005	1	1	5	12	2	1101
477	3003	1	1	5	13	2	1099
478	3002	1	1	5	14	2	1098
479	3000	1	1	5	15	2	1096
480	2999	1	1	6	0	2	1095
481	2997	1	1	6	1	2	1093
482	2996	1	1	6	2	2	1092
483	2994	1	1	6	3	2	1090
484	2993	1	1	6	4	2	1089
485	2991	1	1	6	5	2	1087
486	2990	1	1	6	6	2	1086
487	2988	1	1	6	7	2	1084
488	2987	1	1	6	8	2	1083
489	2985	1	1	6	9	2	1081
490	2984	1	1	6	10	2	1080
491	2982	1	1	6	11	2	1078
492	2981	1	1	6	12	2	1077
493	2979	1	1	6	13	2	1075
494	2978	1	1	6	14	2	1074
495	2976	1	1	6	15	2	1072
496	1872	1	1	7	0	1	920
497	2977	1	1	7	1	2	1073
498	1873	1	1	7	2	1	921
499	2980	1	1	7	3	2	1076
500	1874	1	1	7	4	1	922
501	2983	1	1	7	5	2	1079
502	1875	1	1	7	6	1	923
503	2986	1	1	7	7	2	1082
504	1876	1	1	7	8	1	924
505	2989	1	1	7	9	2	1085
506	1877	1	1	7	10	1	925
507	2992	1	1	7	11	2	1088
508	1878	1	1	7	12	1	926
509	2995	1	1	7	13	2	1091
510	1879	1	1	7	14	1	927
511	2998	1	1	7	15	2	1094
512	682	2	8	0	0	0	682
513	683	2	8	0	1	0	683
514	684	2	8	0	2	0	684
515	685	2	8	0	3	0	685
516	686	2	8	0	4	0	686
517	687	2	8	0	5	0	687
518	688	2	8	0	6	0	688
519	689	2	8	0	7	0	689
520	690	2	8	0	8	0	690
521	691	2	8	0	9	0	691
522	692	2	8	0	10	0	692
523	693	2	8	0	11	0	693
524	694	2	8	0	12	0	694
525	695	2	8	0	13	0	695
526	696	2	8	0	14	0	696
527	697	2	8	0	15	0	697
528	1553	2	8	1	0	1	601
529	1552	2	8	1	1	1	600
530	1551	2	8	1	2	1	599
531	1550	2	8	1	3	1	598
532	1549	2	8	1	4	1	597
533	1548	2	8	1	5	1	596
534	1547	2	8	1	6	1	595
535	1546	2	8	1	7	1	594
536	1545	2	8	1	8	1	593
537	1544	2	8	1	9	1	592
538	1543	2	8	1	10	1	591
539	1542	2	8	1	11	1	590
540	1541	2	8	1	12	1	589
541	1540	2	8	1	13	1	588
542	1539	2	8	1	14	1	587
543	1538	2	8	1	15	1	586
544	1537	2	8	2	0	1	585
545	1536	2	8	2	1	1	584
546	1535	2	8	2	2	1	583
547	1534	2	8	2	3	1	582
548	1533	2	8	2	4	1	581
549	1532	2	8	2	5	1	580
550	1531	2	8	2	6	1	579
551	1530	2	8	2	7	1	578
552	1529	2	8	2	8	1	577
553	1528	2	8	2	9	1	576
554	1527	2	8	2	10	1	575
555	1526	2	8	2	11	1	574
556	1525	2	8	2	12	1	573
557	1524	2	8	2	13	1	572
558	1523	2	8	2	14	1	571
559	1522	2	8	2	15	1	570
560	666	2	8	3	0	0	666
561	667	2	8	3	1	0	667
562	668	2	8	3	2	0	668
563	669	2	8	3	3	0	669
564	670	2	8	3	4	0	670
565	671	2	8	3	5	0	671
566	672	2	8	3	6	0	672
567	673	2	8	3	7	0	673
568	674	2	8	3	8	0	674
569	675	2	8	3	9	0	675
570	676	2	8	3	10	0	676
571	677	2	8	3	11	0	677
572	678	2	8	3	12	0	678
573	679	2	8	3	13	0	679
574	680	2	8	3	14	0	680
575	681	2	8	3	15	0	681
576	650	2	8	4	0	0	650
577	651	2	8	4	1	0	651
578	652	2	8	4	2	0	652
579	653	2	8	4	3	0	653
580	654	2	8	4	4	0	654
581	655	2	8	4	5	0	655
582	656	2	8	4	6	0	656
583	657	2	8	4	7	0	657
584	658	2	8	4	8	0	658
585	659	2	8	4	9	0	659
586	660	2	8	4	10	0	660
587	661	2	8	4	11	0	661
588	662	2	8	4	12	0	662
589	663	2	8	4	13	0	663
590	664	2	8	4	14	0	664
591	665	2	8	4	15	0	665
592	1521	2	8	5	0	1	569
593	1520	2	8	5	1	1	568
594	1519	2	8	5	2	1	567
595	1518	2	8	5	3	1	566
596	1517	2	8	5	4	1	565
597	1516	2	8	5	5	1	564
598	1515	2	8	5	6	1	563
599	1514	2	8	5	7	1	562
600	1513	2	8	5	8	1	561
601	1512	2	8	5	9	1	560
602	1511	2	8	5	10	1	559
603	1510	2	8	5	11	1	558
604	1509	2	8	5	12	1	557
605	1508	2	8	5	13	1	556
606	1507	2	8	5	14	1	555
607	1506	2	8	5	15	1	554
608	1505	2	8	6	0	1	553
609	1504	2	8	6	1	1	552
610	1503	2	8	6	2	1	551
611	1502	2	8	6	3	1	550
612	1501	2	8	6	4	1	549
613	1500	2	8	6	5	1	548
614	1499	2	8	6	6	1	547
615	1498	2	8	6	7	1	546
616	1497	2	8	6	8	1	545
617	1496	2	8	6	9	1	544
618	1495	2	8	6	10	1	543
619	1494	2	8	6	11	1	542
620	1493	2	8	6	12	1	541
621	1492	2	8	6	13	1	540
622	1491	2	8	6	14	1	539
623	1490	2	8	6	15	1	538
624	634	2	8	7	0	0	634
625	635	2	8	7	1	0	635
626	636	2	8	7	2	0	636
627	637	2	8	7	3	0	637
628	638	2	8	7	4	0	638
629	639	2	8	7	5	0	639
630	640	2	8	7	6	0	640
631	641	2	8	7	7	0	641
632	642	2	8	7	8	0	642
633	643	2	8	7	9	0	643
634	644	2	8	7	10	0	644
635	645	2	8	7	11	0	645
636	646	2	8	7	12	0	646
637	647	2	8	7	13	0	647
638	648	2	8	7	14	0	648
639	649	2	8	7	15	0	649
640	746	2	7	0	0	0	746
641	747	2	7	0	1	0	747
642	748	2	7	0	2	0	748
643	749	2	7	0	3	0	749
644	750	2	7	0	4	0	750
645	751	2	7	0	5	0	751
646	752	2	7	0	6	0	752
647	753	2	7	0	7	0	753
648	754	2	7	0	8	0	754
649	755	2	7	0	9	0	755
650	756	2	7	0	10	0	756
651	757	2	7	0	11	0	757
652	758	2	7	0	12	0	758
653	759	2	7	0	13	0	759
654	760	2	7	0	14	0	760
655	761	2	7	0	15	0	761
656	1617	2	7	1	0	1	665
657	1616	2	7	1	1	1	664
658	1615	2	7	1	2	1	663
659	1614	2	7	1	3	1	662
660	1613	2	7	1	4	1	661
661	1612	2	7	1	5	1	660
662	1611	2	7	1	6	1	659
663	1610	2	7	1	7	1	658
664	1609	2	7	1	8	1	657
665	1608	2	7	1	9	1	656
666	1607	2	7	1	10	1	655
667	1606	2	7	1	11	1	654
668	1605	2	7	1	12	1	653
669	1604	2	7	1	13	1	652
670	1603	2	7	1	14	1	651
671	1602	2	7	1	15	1	650
672	1601	2	7	2	0	1	649
673	1600	2	7	2	1	1	648
674	1599	2	7	2	2	1	647
675	1598	2	7	2	3	1	646
676	1597	2	7	2	4	1	645
677	1596	2	7	2	5	1	644
678	1595	2	7	2	6	1	643
679	1594	2	7	2	7	1	642
680	1593	2	7	2	8	1	641
681	1592	2	7	2	9	1	640
682	1591	2	7	2	10	1	639
683	1590	2	7	2	11	1	638
684	1589	2	7	2	12	1	637
685	1588	2	7	2	13	1	636
686	1587	2	7	2	14	1	635
687	1586	2	7	2	15	1	634
688	730	2	7	3	0	0	730
689	731	2	7	3	1	0	731
690	732	2	7	3	2	0	732
691	733	2	7	3	3	0	733
692	734	2	7	3	4	0	734
693	735	2	7	3	5	0	735
694	736	2	7	3	6	0	736
695	737	2	7	3	7	0	737
696	738	2	7	3	8	0	738
697	739	2	7	3	9	0	739
698	740	2	7	3	10	0	740
699	741	2	7	3	11	0	741
700	742	2	7	3	12	0	742
701	743	2	7	3	13	0	743
702	744	2	7	3	14	0	744
703	745	2	7	3	15	0	745
704	714	2	7	4	0	0	714
705	715	2	7	4	1	0	715
706	716	2	7	4	2	0	716
707	717	2	7	4	3	0	717
708	718	2	7	4	4	0	718
709	719	2	7	4	5	0	719
710	720	2	7	4	6	0	720
711	721	2	7	4	7	0	721
712	722	2	7	4	8	0	722
713	723	2	7	4	9	0	723
714	724	2	7	4	10	0	724
715	725	2	7	4	11	0	725
716	726	2	7	4	12	0	726
717	727	2	7	4	13	0	727
718	728	2	7	4	14	0	728
719	729	2	7	4	15	0	729
720	1585	2	7	5	0	1	633
721	1584	2	7	5	1	1	632
722	1583	2	7	5	2	1	631
723	1582	2	7	5	3	1	630
724	1581	2	7	5	4	1	629
725	1580	2	7	5	5	1	628
726	1579	2	7	5	6	1	627
727	1578	2	7	5	7	1	626
728	1577	2	7	5	8	1	625
729	1576	2	7	5	9	1	624
730	1575	2	7	5	10	1	623
731	1574	2	7	5	11	1	622
732	1573	2	7	5	12	1	621
733	1572	2	7	5	13	1	620
734	1571	2	7	5	14	1	619
735	1570	2	7	5	15	1	618
736	1569	2	7	6	0	1	617
737	1568	2	7	6	1	1	616
738	1567	2	7	6	2	1	615
739	1566	2	7	6	3	1	614
740	1565	2	7	6	4	1	613
741	1564	2	7	6	5	1	612
742	1563	2	7	6	6	1	611
743	1562	2	7	6	7	1	610
744	1561	2	7	6	8	1	609
745	1560	2	7	6	9	1	608
746	1559	2	7	6	10	1	607
747	1558	2	7	6	11	1	606
748	1557	2	7	6	12	1	605
749	1556	2	7	6	13	1	604
750	1555	2	7	6	14	1	603
751	1554	2	7	6	15	1	602
752	698	2	7	7	0	0	698
753	699	2	7	7	1	0	699
754	700	2	7	7	2	0	700
755	701	2	7	7	3	0	701
756	702	2	7	7	4	0	702
757	703	2	7	7	5	0	703
758	704	2	7	7	6	0	704
759	705	2	7	7	7	0	705
760	706	2	7	7	8	0	706
761	707	2	7	7	9	0	707
762	708	2	7	7	10	0	708
763	709	2	7	7	11	0	709
764	710	2	7	7	12	0	710
765	711	2	7	7	13	0	711
766	712	2	7	7	14	0	712
767	713	2	7	7	15	0	713
768	1794	3	4	0	0	1	842
769	1795	3	4	0	1	1	843
770	1796	3	4	0	2	1	844
771	1797	3	4	0	3	1	845
772	1798	3	4	0	4	1	846
773	1799	3	4	0	5	1	847
774	1800	3	4	0	6	1	848
775	1801	3	4	0	7	1	849
776	1802	3	4	0	8	1	850
777	1803	3	4	0	9	1	851
778	1804	3	4	0	10	1	852
779	1805	3	4	0	11	1	853
780	1806	3	4	0	12	1	854
781	1807	3	4	0	13	1	855
782	2780	3	4	0	14	2	876
783	2782	3	4	0	15	2	878
784	2783	3	4	1	0	2	879
785	2781	3	4	1	1	2	877
786	951	3	4	1	2	0	951
787	950	3	4	1	3	0	950
788	949	3	4	1	4	0	949
789	948	3	4	1	5	0	948
790	947	3	4	1	6	0	947
791	946	3	4	1	7	0	946
792	945	3	4	1	8	0	945
793	944	3	4	1	9	0	944
794	943	3	4	1	10	0	943
795	942	3	4	1	11	0	942
796	941	3	4	1	12	0	941
797	940	3	4	1	13	0	940
798	939	3	4	1	14	0	939
799	938	3	4	1	15	0	938
800	937	3	4	2	0	0	937
801	936	3	4	2	1	0	936
802	935	3	4	2	2	0	935
803	934	3	4	2	3	0	934
804	933	3	4	2	4	0	933
805	932	3	4	2	5	0	932
806	931	3	4	2	6	0	931
807	930	3	4	2	7	0	930
808	929	3	4	2	8	0	929
809	928	3	4	2	9	0	928
810	927	3	4	2	10	0	927
811	926	3	4	2	11	0	926
812	925	3	4	2	12	0	925
813	924	3	4	2	13	0	924
814	923	3	4	2	14	0	923
815	922	3	4	2	15	0	922
816	1778	3	4	3	0	1	826
817	1779	3	4	3	1	1	827
818	1780	3	4	3	2	1	828
819	1781	3	4	3	3	1	829
820	1782	3	4	3	4	1	830
821	1783	3	4	3	5	1	831
822	1784	3	4	3	6	1	832
823	1785	3	4	3	7	1	833
824	1786	3	4	3	8	1	834
825	1787	3	4	3	9	1	835
826	1788	3	4	3	10	1	836
827	1789	3	4	3	11	1	837
828	1790	3	4	3	12	1	838
829	1791	3	4	3	13	1	839
830	1792	3	4	3	14	1	840
831	1793	3	4	3	15	1	841
832	1762	3	4	4	0	1	810
833	1763	3	4	4	1	1	811
834	1764	3	4	4	2	1	812
835	1765	3	4	4	3	1	813
836	1766	3	4	4	4	1	814
837	1767	3	4	4	5	1	815
838	1768	3	4	4	6	1	816
839	1769	3	4	4	7	1	817
840	1770	3	4	4	8	1	818
841	1771	3	4	4	9	1	819
842	1772	3	4	4	10	1	820
843	1773	3	4	4	11	1	821
844	1774	3	4	4	12	1	822
845	1775	3	4	4	13	1	823
846	1776	3	4	4	14	1	824
847	1777	3	4	4	15	1	825
848	921	3	4	5	0	0	921
849	920	3	4	5	1	0	920
850	919	3	4	5	2	0	919
851	918	3	4	5	3	0	918
852	917	3	4	5	4	0	917
853	916	3	4	5	5	0	916
854	915	3	4	5	6	0	915
855	914	3	4	5	7	0	914
856	913	3	4	5	8	0	913
857	912	3	4	5	9	0	912
858	911	3	4	5	10	0	911
859	910	3	4	5	11	0	910
860	909	3	4	5	12	0	909
861	908	3	4	5	13	0	908
862	907	3	4	5	14	0	907
863	906	3	4	5	15	0	906
864	905	3	4	6	0	0	905
865	904	3	4	6	1	0	904
866	903	3	4	6	2	0	903
867	902	3	4	6	3	0	902
868	901	3	4	6	4	0	901
869	900	3	4	6	5	0	900
870	899	3	4	6	6	0	899
871	898	3	4	6	7	0	898
872	897	3	4	6	8	0	897
873	896	3	4	6	9	0	896
874	895	3	4	6	10	0	895
875	894	3	4	6	11	0	894
876	893	3	4	6	12	0	893
877	892	3	4	6	13	0	892
878	891	3	4	6	14	0	891
879	890	3	4	6	15	0	890
880	1746	3	4	7	0	1	794
881	1747	3	4	7	1	1	795
882	1748	3	4	7	2	1	796
883	1749	3	4	7	3	1	797
884	1750	3	4	7	4	1	798
885	1751	3	4	7	5	1	799
886	1752	3	4	7	6	1	800
887	1753	3	4	7	7	1	801
888	1754	3	4	7	8	1	802
889	1755	3	4	7	9	1	803
890	1756	3	4	7	10	1	804
891	1757	3	4	7	11	1	805
892	1758	3	4	7	12	1	806
893	1759	3	4	7	13	1	807
894	1760	3	4	7	14	1	808
895	1761	3	4	7	15	1	809
896	1832	3	3	0	0	1	880
897	2857	3	3	0	1	2	953
898	1833	3	3	0	2	1	881
899	2860	3	3	0	3	2	956
900	1834	3	3	0	4	1	882
901	2863	3	3	0	5	2	959
902	1835	3	3	0	6	1	883
903	2866	3	3	0	7	2	962
904	1836	3	3	0	8	1	884
905	2869	3	3	0	9	2	965
906	1837	3	3	0	10	1	885
907	2872	3	3	0	11	2	968
908	1838	3	3	0	12	1	886
909	2875	3	3	0	13	2	971
910	1839	3	3	0	14	1	887
911	2878	3	3	0	15	2	974
912	2879	3	3	1	0	2	975
913	2877	3	3	1	1	2	973
914	2876	3	3	1	2	2	972
915	2874	3	3	1	3	2	970
916	2873	3	3	1	4	2	969
917	2871	3	3	1	5	2	967
918	2870	3	3	1	6	2	966
919	2868	3	3	1	7	2	964
920	2867	3	3	1	8	2	963
921	2865	3	3	1	9	2	961
922	2864	3	3	1	10	2	960
923	2862	3	3	1	11	2	958
924	2861	3	3	1	12	2	957
925	2859	3	3	1	13	2	955
926	2858	3	3	1	14	2	954
927	2856	3	3	1	15	2	952
928	2855	3	3	2	0	2	951
929	2853	3	3	2	1	2	949
930	2852	3	3	2	2	2	948
931	2850	3	3	2	3	2	946
932	2849	3	3	2	4	2	945
933	2847	3	3	2	5	2	943
934	2846	3	3	2	6	2	942
935	2844	3	3	2	7	2	940
936	2843	3	3	2	8	2	939
937	2841	3	3	2	9	2	937
938	2840	3	3	2	10	2	936
939	2838	3	3	2	11	2	934
940	2837	3	3	2	12	2	933
941	2835	3	3	2	13	2	931
942	2834	3	3	2	14	2	930
943	2832	3	3	2	15	2	928
944	1824	3	3	3	0	1	872
945	2833	3	3	3	1	2	929
946	1825	3	3	3	2	1	873
947	2836	3	3	3	3	2	932
948	1826	3	3	3	4	1	874
949	2839	3	3	3	5	2	935
950	1827	3	3	3	6	1	875
951	2842	3	3	3	7	2	938
952	1828	3	3	3	8	1	876
953	2845	3	3	3	9	2	941
954	1829	3	3	3	10	1	877
955	2848	3	3	3	11	2	944
956	1830	3	3	3	12	1	878
957	2851	3	3	3	13	2	947
958	1831	3	3	3	14	1	879
959	2854	3	3	3	15	2	950
960	1816	3	3	4	0	1	864
961	2809	3	3	4	1	2	905
962	1817	3	3	4	2	1	865
963	2812	3	3	4	3	2	908
964	1818	3	3	4	4	1	866
965	2815	3	3	4	5	2	911
966	1819	3	3	4	6	1	867
967	2818	3	3	4	7	2	914
968	1820	3	3	4	8	1	868
969	2821	3	3	4	9	2	917
970	1821	3	3	4	10	1	869
971	2824	3	3	4	11	2	920
972	1822	3	3	4	12	1	870
973	2827	3	3	4	13	2	923
974	1823	3	3	4	14	1	871
975	2830	3	3	4	15	2	926
976	2831	3	3	5	0	2	927
977	2829	3	3	5	1	2	925
978	2828	3	3	5	2	2	924
979	2826	3	3	5	3	2	922
980	2825	3	3	5	4	2	921
981	2823	3	3	5	5	2	919
982	2822	3	3	5	6	2	918
983	2820	3	3	5	7	2	916
984	2819	3	3	5	8	2	915
985	2817	3	3	5	9	2	913
986	2816	3	3	5	10	2	912
987	2814	3	3	5	11	2	910
988	2813	3	3	5	12	2	909
989	2811	3	3	5	13	2	907
990	2810	3	3	5	14	2	906
991	2808	3	3	5	15	2	904
992	2807	3	3	6	0	2	903
993	2805	3	3	6	1	2	901
994	2804	3	3	6	2	2	900
995	2802	3	3	6	3	2	898
996	2801	3	3	6	4	2	897
997	2799	3	3	6	5	2	895
998	2798	3	3	6	6	2	894
999	2796	3	3	6	7	2	892
1000	2795	3	3	6	8	2	891
1001	2793	3	3	6	9	2	889
1002	2792	3	3	6	10	2	888
1003	2790	3	3	6	11	2	886
1004	2789	3	3	6	12	2	885
1005	2787	3	3	6	13	2	883
1006	2786	3	3	6	14	2	882
1007	2784	3	3	6	15	2	880
1008	1808	3	3	7	0	1	856
1009	2785	3	3	7	1	2	881
1010	1809	3	3	7	2	1	857
1011	2788	3	3	7	3	2	884
1012	1810	3	3	7	4	1	858
1013	2791	3	3	7	5	2	887
1014	1811	3	3	7	6	1	859
1015	2794	3	3	7	7	2	890
1016	1812	3	3	7	8	1	860
1017	2797	3	3	7	9	2	893
1018	1813	3	3	7	10	1	861
1019	2800	3	3	7	11	2	896
1020	1814	3	3	7	12	1	862
1021	2803	3	3	7	13	2	899
1022	1815	3	3	7	14	1	863
1023	2806	3	3	7	15	2	902
1024	1388	4	14	0	0	1	436
1025	2369	4	14	0	1	2	465
1026	1389	4	14	0	2	1	437
1027	2372	4	14	0	3	2	468
1028	1390	4	14	0	4	1	438
1029	2375	4	14	0	5	2	471
1030	1391	4	14	0	6	1	439
1031	2378	4	14	0	7	2	474
1032	1392	4	14	0	8	1	440
1033	2381	4	14	0	9	2	477
1034	1393	4	14	0	10	1	441
1035	2384	4	14	0	11	2	480
1036	1394	4	14	0	12	1	442
1037	2387	4	14	0	13	2	483
1038	1395	4	14	0	14	1	443
1039	2390	4	14	0	15	2	486
1040	2391	4	14	1	0	2	487
1041	2389	4	14	1	1	2	485
1042	2388	4	14	1	2	2	484
1043	2386	4	14	1	3	2	482
1044	2385	4	14	1	4	2	481
1045	2383	4	14	1	5	2	479
1046	2382	4	14	1	6	2	478
1047	2380	4	14	1	7	2	476
1048	2379	4	14	1	8	2	475
1049	2377	4	14	1	9	2	473
1050	2376	4	14	1	10	2	472
1051	2374	4	14	1	11	2	470
1052	2373	4	14	1	12	2	469
1053	2371	4	14	1	13	2	467
1054	2370	4	14	1	14	2	466
1055	2368	4	14	1	15	2	464
1056	2367	4	14	2	0	2	463
1057	2365	4	14	2	1	2	461
1058	2364	4	14	2	2	2	460
1059	2362	4	14	2	3	2	458
1060	2361	4	14	2	4	2	457
1061	2359	4	14	2	5	2	455
1062	2358	4	14	2	6	2	454
1063	2356	4	14	2	7	2	452
1064	2355	4	14	2	8	2	451
1065	2353	4	14	2	9	2	449
1066	2352	4	14	2	10	2	448
1067	2350	4	14	2	11	2	446
1068	2349	4	14	2	12	2	445
1069	2347	4	14	2	13	2	443
1070	2346	4	14	2	14	2	442
1071	2344	4	14	2	15	2	440
1072	1380	4	14	3	0	1	428
1073	2345	4	14	3	1	2	441
1074	1381	4	14	3	2	1	429
1075	2348	4	14	3	3	2	444
1076	1382	4	14	3	4	1	430
1077	2351	4	14	3	5	2	447
1078	1383	4	14	3	6	1	431
1079	2354	4	14	3	7	2	450
1080	1384	4	14	3	8	1	432
1081	2357	4	14	3	9	2	453
1082	1385	4	14	3	10	1	433
1083	2360	4	14	3	11	2	456
1084	1386	4	14	3	12	1	434
1085	2363	4	14	3	13	2	459
1086	1387	4	14	3	14	1	435
1087	2366	4	14	3	15	2	462
1088	1372	4	14	4	0	1	420
1089	2321	4	14	4	1	2	417
1090	1373	4	14	4	2	1	421
1091	2324	4	14	4	3	2	420
1092	1374	4	14	4	4	1	422
1093	2327	4	14	4	5	2	423
1094	1375	4	14	4	6	1	423
1095	2330	4	14	4	7	2	426
1096	1376	4	14	4	8	1	424
1097	2333	4	14	4	9	2	429
1098	1377	4	14	4	10	1	425
1099	2336	4	14	4	11	2	432
1100	1378	4	14	4	12	1	426
1101	2339	4	14	4	13	2	435
1102	1379	4	14	4	14	1	427
1103	2342	4	14	4	15	2	438
1104	2343	4	14	5	0	2	439
1105	2341	4	14	5	1	2	437
1106	2340	4	14	5	2	2	436
1107	2338	4	14	5	3	2	434
1108	2337	4	14	5	4	2	433
1109	2335	4	14	5	5	2	431
1110	2334	4	14	5	6	2	430
1111	2332	4	14	5	7	2	428
1112	2331	4	14	5	8	2	427
1113	2329	4	14	5	9	2	425
1114	2328	4	14	5	10	2	424
1115	2326	4	14	5	11	2	422
1116	2325	4	14	5	12	2	421
1117	2323	4	14	5	13	2	419
1118	2322	4	14	5	14	2	418
1119	2320	4	14	5	15	2	416
1120	2319	4	14	6	0	2	415
1121	2317	4	14	6	1	2	413
1122	2316	4	14	6	2	2	412
1123	2314	4	14	6	3	2	410
1124	2313	4	14	6	4	2	409
1125	2311	4	14	6	5	2	407
1126	2310	4	14	6	6	2	406
1127	2308	4	14	6	7	2	404
1128	2307	4	14	6	8	2	403
1129	2305	4	14	6	9	2	401
1130	2304	4	14	6	10	2	400
1131	2302	4	14	6	11	2	398
1132	2301	4	14	6	12	2	397
1133	2299	4	14	6	13	2	395
1134	2298	4	14	6	14	2	394
1135	2296	4	14	6	15	2	392
1136	1364	4	14	7	0	1	412
1137	2297	4	14	7	1	2	393
1138	1365	4	14	7	2	1	413
1139	2300	4	14	7	3	2	396
1140	1366	4	14	7	4	1	414
1141	2303	4	14	7	5	2	399
1142	1367	4	14	7	6	1	415
1143	2306	4	14	7	7	2	402
1144	1368	4	14	7	8	1	416
1145	2309	4	14	7	9	2	405
1146	1369	4	14	7	10	1	417
1147	2312	4	14	7	11	2	408
1148	1370	4	14	7	12	1	418
1149	2315	4	14	7	13	2	411
1150	1371	4	14	7	14	1	419
1151	2318	4	14	7	15	2	414
1152	1420	4	13	0	0	1	468
1153	2465	4	13	0	1	2	561
1154	1421	4	13	0	2	1	469
1155	2468	4	13	0	3	2	564
1156	1422	4	13	0	4	1	470
1157	2471	4	13	0	5	2	567
1158	1423	4	13	0	6	1	471
1159	2474	4	13	0	7	2	570
1160	1424	4	13	0	8	1	472
1161	2477	4	13	0	9	2	573
1162	1425	4	13	0	10	1	473
1163	2480	4	13	0	11	2	576
1164	1426	4	13	0	12	1	474
1165	2483	4	13	0	13	2	579
1166	1427	4	13	0	14	1	475
1167	2486	4	13	0	15	2	582
1168	2487	4	13	1	0	2	583
1169	2485	4	13	1	1	2	581
1170	2484	4	13	1	2	2	580
1171	2482	4	13	1	3	2	578
1172	2481	4	13	1	4	2	577
1173	2479	4	13	1	5	2	575
1174	2478	4	13	1	6	2	574
1175	2476	4	13	1	7	2	572
1176	2475	4	13	1	8	2	571
1177	2473	4	13	1	9	2	569
1178	2472	4	13	1	10	2	568
1179	2470	4	13	1	11	2	566
1180	2469	4	13	1	12	2	565
1181	2467	4	13	1	13	2	563
1182	2466	4	13	1	14	2	562
1183	2464	4	13	1	15	2	560
1184	2463	4	13	2	0	2	559
1185	2461	4	13	2	1	2	557
1186	2460	4	13	2	2	2	556
1187	2458	4	13	2	3	2	554
1188	2457	4	13	2	4	2	553
1189	2455	4	13	2	5	2	551
1190	2454	4	13	2	6	2	550
1191	2452	4	13	2	7	2	548
1192	2451	4	13	2	8	2	547
1193	2449	4	13	2	9	2	545
1194	2448	4	13	2	10	2	544
1195	2446	4	13	2	11	2	542
1196	2445	4	13	2	12	2	541
1197	2443	4	13	2	13	2	539
1198	2442	4	13	2	14	2	538
1199	2440	4	13	2	15	2	536
1200	1412	4	13	3	0	1	460
1201	2441	4	13	3	1	2	537
1202	1413	4	13	3	2	1	461
1203	2444	4	13	3	3	2	540
1204	1414	4	13	3	4	1	462
1205	2447	4	13	3	5	2	543
1206	1415	4	13	3	6	1	463
1207	2450	4	13	3	7	2	546
1208	1416	4	13	3	8	1	464
1209	2453	4	13	3	9	2	549
1210	1417	4	13	3	10	1	465
1211	2456	4	13	3	11	2	552
1212	1418	4	13	3	12	1	466
1213	2459	4	13	3	13	2	555
1214	1419	4	13	3	14	1	467
1215	2462	4	13	3	15	2	558
1216	1404	4	13	4	0	1	452
1217	2417	4	13	4	1	2	513
1218	1405	4	13	4	2	1	453
1219	2420	4	13	4	3	2	516
1220	1406	4	13	4	4	1	454
1221	2423	4	13	4	5	2	519
1222	1407	4	13	4	6	1	455
1223	2426	4	13	4	7	2	522
1224	1408	4	13	4	8	1	456
1225	2429	4	13	4	9	2	525
1226	1409	4	13	4	10	1	457
1227	2432	4	13	4	11	2	528
1228	1410	4	13	4	12	1	458
1229	2435	4	13	4	13	2	531
1230	1411	4	13	4	14	1	459
1231	2438	4	13	4	15	2	534
1232	2439	4	13	5	0	2	535
1233	2437	4	13	5	1	2	533
1234	2436	4	13	5	2	2	532
1235	2434	4	13	5	3	2	530
1236	2433	4	13	5	4	2	529
1237	2431	4	13	5	5	2	527
1238	2430	4	13	5	6	2	526
1239	2428	4	13	5	7	2	524
1240	2427	4	13	5	8	2	523
1241	2425	4	13	5	9	2	521
1242	2424	4	13	5	10	2	520
1243	2422	4	13	5	11	2	518
1244	2421	4	13	5	12	2	517
1245	2419	4	13	5	13	2	515
1246	2418	4	13	5	14	2	514
1247	2416	4	13	5	15	2	512
1248	2415	4	13	6	0	2	511
1249	2413	4	13	6	1	2	509
1250	2412	4	13	6	2	2	508
1251	2410	4	13	6	3	2	506
1252	2409	4	13	6	4	2	505
1253	2407	4	13	6	5	2	503
1254	2406	4	13	6	6	2	502
1255	2404	4	13	6	7	2	500
1256	2403	4	13	6	8	2	499
1257	2401	4	13	6	9	2	497
1258	2400	4	13	6	10	2	496
1259	2398	4	13	6	11	2	494
1260	2397	4	13	6	12	2	493
1261	2395	4	13	6	13	2	491
1262	2394	4	13	6	14	2	490
1263	2392	4	13	6	15	2	488
1264	1396	4	13	7	0	1	444
1265	2393	4	13	7	1	2	489
1266	1397	4	13	7	2	1	445
1267	2396	4	13	7	3	2	492
1268	1398	4	13	7	4	1	446
1269	2399	4	13	7	5	2	495
1270	1399	4	13	7	6	1	447
1271	2402	4	13	7	7	2	498
1272	1400	4	13	7	8	1	448
1273	2405	4	13	7	9	2	501
1274	1401	4	13	7	10	1	449
1275	2408	4	13	7	11	2	504
1276	1402	4	13	7	12	1	450
1277	2411	4	13	7	13	2	507
1278	1403	4	13	7	14	1	451
1279	2414	4	13	7	15	2	510
1280	564	5	10	0	0	0	564
1281	2514	5	10	0	1	2	610
1282	565	5	10	0	2	0	565
1283	2511	5	10	0	3	2	607
1284	566	5	10	0	4	0	566
1285	2508	5	10	0	5	2	604
1286	567	5	10	0	6	0	567
1287	2505	5	10	0	7	2	601
1288	568	5	10	0	8	0	568
1289	2502	5	10	0	9	2	598
1290	569	5	10	0	10	0	569
1291	2499	5	10	0	11	2	595
1292	570	5	10	0	12	0	570
1293	2496	5	10	0	13	2	592
1294	571	5	10	0	14	0	571
1295	2493	5	10	0	15	2	589
1296	2492	5	10	1	0	2	588
1297	2494	5	10	1	1	2	590
1298	2495	5	10	1	2	2	591
1299	2497	5	10	1	3	2	593
1300	2498	5	10	1	4	2	594
1301	2500	5	10	1	5	2	596
1302	2501	5	10	1	6	2	597
1303	2503	5	10	1	7	2	599
1304	2504	5	10	1	8	2	600
1305	2506	5	10	1	9	2	602
1306	2507	5	10	1	10	2	603
1307	2509	5	10	1	11	2	605
1308	2510	5	10	1	12	2	606
1309	2512	5	10	1	13	2	608
1310	2513	5	10	1	14	2	609
1311	2515	5	10	1	15	2	611
1312	2516	5	10	2	0	2	612
1313	2518	5	10	2	1	2	614
1314	2519	5	10	2	2	2	615
1315	2521	5	10	2	3	2	617
1316	2522	5	10	2	4	2	618
1317	2524	5	10	2	5	2	620
1318	2525	5	10	2	6	2	621
1319	2527	5	10	2	7	2	623
1320	2528	5	10	2	8	2	624
1321	2530	5	10	2	9	2	626
1322	2531	5	10	2	10	2	627
1323	2533	5	10	2	11	2	629
1324	2534	5	10	2	12	2	630
1325	2536	5	10	2	13	2	632
1326	2537	5	10	2	14	2	633
1327	2539	5	10	2	15	2	635
1328	556	5	10	3	0	0	556
1329	2538	5	10	3	1	2	634
1330	557	5	10	3	2	0	557
1331	2535	5	10	3	3	2	631
1332	558	5	10	3	4	0	558
1333	2532	5	10	3	5	2	628
1334	559	5	10	3	6	0	559
1335	2529	5	10	3	7	2	625
1336	560	5	10	3	8	0	560
1337	2526	5	10	3	9	2	622
1338	561	5	10	3	10	0	561
1339	2523	5	10	3	11	2	619
1340	562	5	10	3	12	0	562
1341	2520	5	10	3	13	2	616
1342	563	5	10	3	14	0	563
1343	2517	5	10	3	15	2	613
1344	548	5	10	4	0	0	548
1345	2562	5	10	4	1	2	658
1346	549	5	10	4	2	0	549
1347	2559	5	10	4	3	2	655
1348	550	5	10	4	4	0	550
1349	2556	5	10	4	5	2	652
1350	551	5	10	4	6	0	551
1351	2553	5	10	4	7	2	649
1352	552	5	10	4	8	0	552
1353	2550	5	10	4	9	2	646
1354	553	5	10	4	10	0	553
1355	2547	5	10	4	11	2	643
1356	554	5	10	4	12	0	554
1357	2544	5	10	4	13	2	640
1358	555	5	10	4	14	0	555
1359	2541	5	10	4	15	2	637
1360	2540	5	10	5	0	2	636
1361	2542	5	10	5	1	2	638
1362	2543	5	10	5	2	2	639
1363	2545	5	10	5	3	2	641
1364	2546	5	10	5	4	2	642
1365	2548	5	10	5	5	2	644
1366	2549	5	10	5	6	2	645
1367	2551	5	10	5	7	2	647
1368	2552	5	10	5	8	2	648
1369	2554	5	10	5	9	2	650
1370	2555	5	10	5	10	2	651
1371	2557	5	10	5	11	2	653
1372	2558	5	10	5	12	2	654
1373	2560	5	10	5	13	2	656
1374	2561	5	10	5	14	2	657
1375	2563	5	10	5	15	2	659
1376	2564	5	10	6	0	2	660
1377	2566	5	10	6	1	2	662
1378	2567	5	10	6	2	2	663
1379	2569	5	10	6	3	2	665
1380	2570	5	10	6	4	2	666
1381	2572	5	10	6	5	2	668
1382	2573	5	10	6	6	2	669
1383	2575	5	10	6	7	2	671
1384	2576	5	10	6	8	2	672
1385	2578	5	10	6	9	2	674
1386	2579	5	10	6	10	2	675
1387	2581	5	10	6	11	2	677
1388	2582	5	10	6	12	2	678
1389	2584	5	10	6	13	2	680
1390	2585	5	10	6	14	2	681
1391	2587	5	10	6	15	2	683
1392	540	5	10	7	0	0	540
1393	2586	5	10	7	1	2	682
1394	541	5	10	7	2	0	541
1395	2583	5	10	7	3	2	679
1396	542	5	10	7	4	0	542
1397	2580	5	10	7	5	2	676
1398	543	5	10	7	6	0	543
1399	2577	5	10	7	7	2	673
1400	544	5	10	7	8	0	544
1401	2574	5	10	7	9	2	670
1402	545	5	10	7	10	0	545
1403	2571	5	10	7	11	2	667
1404	546	5	10	7	12	0	546
1405	2568	5	10	7	13	2	664
1406	547	5	10	7	14	0	547
1407	2565	5	10	7	15	2	661
1408	618	5	9	0	0	0	618
1409	619	5	9	0	1	0	619
1410	1477	5	9	0	2	1	525
1411	621	5	9	0	3	0	621
1412	1479	5	9	0	4	1	527
1413	623	5	9	0	5	0	623
1414	1481	5	9	0	6	1	529
1415	625	5	9	0	7	0	625
1416	1483	5	9	0	8	1	531
1417	627	5	9	0	9	0	627
1418	1485	5	9	0	10	1	533
1419	629	5	9	0	11	0	629
1420	1487	5	9	0	12	1	535
1421	631	5	9	0	13	0	631
1422	632	5	9	0	14	0	632
1423	633	5	9	0	15	0	633
1424	1489	5	9	1	0	1	537
1425	1488	5	9	1	1	1	536
1426	630	5	9	1	2	0	630
1427	1486	5	9	1	3	1	534
1428	628	5	9	1	4	0	628
1429	1484	5	9	1	5	1	532
1430	626	5	9	1	6	0	626
1431	1482	5	9	1	7	1	530
1432	624	5	9	1	8	0	624
1433	1480	5	9	1	9	1	528
1434	622	5	9	1	10	0	622
1435	1478	5	9	1	11	1	526
1436	620	5	9	1	12	0	620
1437	1476	5	9	1	13	1	524
1438	1475	5	9	1	14	1	523
1439	1474	5	9	1	15	1	522
1440	616	5	9	2	0	0	616
1441	1472	5	9	2	1	1	520
1442	614	5	9	2	2	0	614
1443	1470	5	9	2	3	1	518
1444	612	5	9	2	4	0	612
1445	1468	5	9	2	5	1	516
1446	610	5	9	2	6	0	610
1447	1466	5	9	2	7	1	514
1448	608	5	9	2	8	0	608
1449	1464	5	9	2	9	1	512
1450	606	5	9	2	10	0	606
1451	1462	5	9	2	11	1	510
1452	604	5	9	2	12	0	604
1453	1460	5	9	2	13	1	508
1454	602	5	9	2	14	0	602
1455	1458	5	9	2	15	1	506
1456	1459	5	9	3	0	1	507
1457	603	5	9	3	1	0	603
1458	1461	5	9	3	2	1	509
1459	605	5	9	3	3	0	605
1460	1463	5	9	3	4	1	511
1461	607	5	9	3	5	0	607
1462	1465	5	9	3	6	1	513
1463	609	5	9	3	7	0	609
1464	1467	5	9	3	8	1	515
1465	611	5	9	3	9	0	611
1466	1469	5	9	3	10	1	517
1467	613	5	9	3	11	0	613
1468	1471	5	9	3	12	1	519
1469	615	5	9	3	13	0	615
1470	1473	5	9	3	14	1	521
1471	617	5	9	3	15	0	617
1472	1443	5	9	4	0	1	491
1473	587	5	9	4	1	0	587
1474	1445	5	9	4	2	1	493
1475	589	5	9	4	3	0	589
1476	1447	5	9	4	4	1	495
1477	591	5	9	4	5	0	591
1478	1449	5	9	4	6	1	497
1479	593	5	9	4	7	0	593
1480	1451	5	9	4	8	1	499
1481	595	5	9	4	9	0	595
1482	1453	5	9	4	10	1	501
1483	597	5	9	4	11	0	597
1484	1455	5	9	4	12	1	503
1485	599	5	9	4	13	0	599
1486	1457	5	9	4	14	1	505
1487	601	5	9	4	15	0	601
1488	600	5	9	5	0	0	600
1489	1456	5	9	5	1	1	504
1490	598	5	9	5	2	0	598
1491	1454	5	9	5	3	1	502
1492	596	5	9	5	4	0	596
1493	1452	5	9	5	5	1	500
1494	594	5	9	5	6	0	594
1495	1450	5	9	5	7	1	498
1496	592	5	9	5	8	0	592
1497	1448	5	9	5	9	1	496
1498	590	5	9	5	10	0	590
1499	1446	5	9	5	11	1	494
1500	588	5	9	5	12	0	588
1501	1444	5	9	5	13	1	492
1502	586	5	9	5	14	0	586
1503	1442	5	9	5	15	1	490
1504	584	5	9	6	0	0	584
1505	1440	5	9	6	1	1	488
1506	582	5	9	6	2	0	582
1507	1438	5	9	6	3	1	486
1508	580	5	9	6	4	0	580
1509	1436	5	9	6	5	1	484
1510	578	5	9	6	6	0	578
1511	1434	5	9	6	7	1	482
1512	576	5	9	6	8	0	576
1513	1432	5	9	6	9	1	480
1514	574	5	9	6	10	0	574
1515	1430	5	9	6	11	1	478
1516	572	5	9	6	12	0	572
1517	1428	5	9	6	13	1	476
1518	2488	5	9	6	14	2	584
1519	2490	5	9	6	15	2	586
1520	2491	5	9	7	0	2	587
1521	2489	5	9	7	1	2	585
1522	1429	5	9	7	2	1	477
1523	573	5	9	7	3	0	573
1524	1431	5	9	7	4	1	479
1525	575	5	9	7	5	0	575
1526	1433	5	9	7	6	1	481
1527	577	5	9	7	7	0	577
1528	1435	5	9	7	8	1	483
1529	579	5	9	7	9	0	579
1530	1437	5	9	7	10	1	485
1531	581	5	9	7	11	0	581
1532	1439	5	9	7	12	1	487
1533	583	5	9	7	13	0	583
1534	1441	5	9	7	14	1	489
1535	585	5	9	7	15	0	585
1536	1318	7	16	0	0	1	366
1537	1319	7	16	0	1	1	367
1538	1320	7	16	0	2	1	368
1539	1321	7	16	0	3	1	369
1540	1322	7	16	0	4	1	370
1541	1323	7	16	0	5	1	371
1542	1324	7	16	0	6	1	372
1543	1325	7	16	0	7	1	373
1544	1326	7	16	0	8	1	374
1545	1327	7	16	0	9	1	375
1546	1328	7	16	0	10	1	376
1547	1329	7	16	0	11	1	377
1548	1330	7	16	0	12	1	378
1549	1331	7	16	0	13	1	379
1550	2196	7	16	0	14	2	292
1551	2198	7	16	0	15	2	294
1552	2199	7	16	1	0	2	295
1553	2197	7	16	1	1	2	293
1554	475	7	16	1	2	0	475
1555	474	7	16	1	3	0	474
1556	473	7	16	1	4	0	473
1557	472	7	16	1	5	0	472
1558	471	7	16	1	6	0	471
1559	470	7	16	1	7	0	470
1560	469	7	16	1	8	0	469
1561	468	7	16	1	9	0	468
1562	467	7	16	1	10	0	467
1563	466	7	16	1	11	0	466
1564	465	7	16	1	12	0	465
1565	464	7	16	1	13	0	464
1566	463	7	16	1	14	0	463
1567	462	7	16	1	15	0	462
1568	461	7	16	2	0	0	461
1569	460	7	16	2	1	0	460
1570	459	7	16	2	2	0	459
1571	458	7	16	2	3	0	458
1572	457	7	16	2	4	0	457
1573	456	7	16	2	5	0	456
1574	455	7	16	2	6	0	455
1575	454	7	16	2	7	0	454
1576	453	7	16	2	8	0	453
1577	452	7	16	2	9	0	452
1578	451	7	16	2	10	0	451
1579	450	7	16	2	11	0	450
1580	449	7	16	2	12	0	449
1581	448	7	16	2	13	0	448
1582	447	7	16	2	14	0	447
1583	446	7	16	2	15	0	446
1584	1302	7	16	3	0	1	350
1585	1303	7	16	3	1	1	351
1586	1304	7	16	3	2	1	352
1587	1305	7	16	3	3	1	353
1588	1306	7	16	3	4	1	354
1589	1307	7	16	3	5	1	355
1590	1308	7	16	3	6	1	356
1591	1309	7	16	3	7	1	357
1592	1310	7	16	3	8	1	358
1593	1311	7	16	3	9	1	359
1594	1312	7	16	3	10	1	360
1595	1313	7	16	3	11	1	361
1596	1314	7	16	3	12	1	362
1597	1315	7	16	3	13	1	363
1598	1316	7	16	3	14	1	364
1599	1317	7	16	3	15	1	365
1600	1286	7	16	4	0	1	334
1601	1287	7	16	4	1	1	335
1602	1288	7	16	4	2	1	336
1603	1289	7	16	4	3	1	337
1604	1290	7	16	4	4	1	338
1605	1291	7	16	4	5	1	339
1606	1292	7	16	4	6	1	340
1607	1293	7	16	4	7	1	341
1608	1294	7	16	4	8	1	342
1609	1295	7	16	4	9	1	343
1610	1296	7	16	4	10	1	344
1611	1297	7	16	4	11	1	345
1612	1298	7	16	4	12	1	346
1613	1299	7	16	4	13	1	347
1614	1300	7	16	4	14	1	348
1615	1301	7	16	4	15	1	349
1616	445	7	16	5	0	0	445
1617	444	7	16	5	1	0	444
1618	443	7	16	5	2	0	443
1619	442	7	16	5	3	0	442
1620	441	7	16	5	4	0	441
1621	440	7	16	5	5	0	440
1622	439	7	16	5	6	0	439
1623	438	7	16	5	7	0	438
1624	437	7	16	5	8	0	437
1625	436	7	16	5	9	0	436
1626	435	7	16	5	10	0	435
1627	434	7	16	5	11	0	434
1628	433	7	16	5	12	0	433
1629	432	7	16	5	13	0	432
1630	431	7	16	5	14	0	431
1631	430	7	16	5	15	0	430
1632	429	7	16	6	0	0	429
1633	428	7	16	6	1	0	428
1634	427	7	16	6	2	0	427
1635	426	7	16	6	3	0	426
1636	425	7	16	6	4	0	425
1637	424	7	16	6	5	0	424
1638	423	7	16	6	6	0	423
1639	422	7	16	6	7	0	422
1640	421	7	16	6	8	0	421
1641	420	7	16	6	9	0	420
1642	419	7	16	6	10	0	419
1643	418	7	16	6	11	0	418
1644	417	7	16	6	12	0	417
1645	416	7	16	6	13	0	416
1646	415	7	16	6	14	0	415
1647	414	7	16	6	15	0	414
1648	1270	7	16	7	0	1	318
1649	1271	7	16	7	1	1	319
1650	1272	7	16	7	2	1	320
1651	1273	7	16	7	3	1	321
1652	1274	7	16	7	4	1	322
1653	1275	7	16	7	5	1	323
1654	1276	7	16	7	6	1	324
1655	1277	7	16	7	7	1	325
1656	1278	7	16	7	8	1	326
1657	1279	7	16	7	9	1	327
1658	1280	7	16	7	10	1	328
1659	1281	7	16	7	11	1	329
1660	1282	7	16	7	12	1	330
1661	1283	7	16	7	13	1	331
1662	1284	7	16	7	14	1	332
1663	1285	7	16	7	15	1	333
1664	1356	7	15	0	0	1	404
1665	2273	7	15	0	1	2	369
1666	1357	7	15	0	2	1	405
1667	2276	7	15	0	3	2	372
1668	1358	7	15	0	4	1	406
1669	2279	7	15	0	5	2	375
1670	1359	7	15	0	6	1	407
1671	2282	7	15	0	7	2	378
1672	1360	7	15	0	8	1	408
1673	2285	7	15	0	9	2	381
1674	1361	7	15	0	10	1	409
1675	2288	7	15	0	11	2	384
1676	1362	7	15	0	12	1	410
1677	2291	7	15	0	13	2	387
1678	1363	7	15	0	14	1	411
1679	2294	7	15	0	15	2	390
1680	2295	7	15	1	0	2	391
1681	2293	7	15	1	1	2	389
1682	2292	7	15	1	2	2	388
1683	2290	7	15	1	3	2	386
1684	2289	7	15	1	4	2	385
1685	2287	7	15	1	5	2	383
1686	2286	7	15	1	6	2	382
1687	2284	7	15	1	7	2	380
1688	2283	7	15	1	8	2	379
1689	2281	7	15	1	9	2	377
1690	2280	7	15	1	10	2	376
1691	2278	7	15	1	11	2	374
1692	2277	7	15	1	12	2	373
1693	2275	7	15	1	13	2	371
1694	2274	7	15	1	14	2	370
1695	2272	7	15	1	15	2	368
1696	2271	7	15	2	0	2	367
1697	2269	7	15	2	1	2	365
1698	2268	7	15	2	2	2	364
1699	2266	7	15	2	3	2	362
1700	2265	7	15	2	4	2	361
1701	2263	7	15	2	5	2	359
1702	2262	7	15	2	6	2	358
1703	2260	7	15	2	7	2	356
1704	2259	7	15	2	8	2	355
1705	2257	7	15	2	9	2	353
1706	2256	7	15	2	10	2	352
1707	2254	7	15	2	11	2	350
1708	2253	7	15	2	12	2	349
1709	2251	7	15	2	13	2	347
1710	2250	7	15	2	14	2	346
1711	2248	7	15	2	15	2	344
1712	1348	7	15	3	0	1	396
1713	2249	7	15	3	1	2	345
1714	1349	7	15	3	2	1	397
1715	2252	7	15	3	3	2	348
1716	1350	7	15	3	4	1	398
1717	2255	7	15	3	5	2	351
1718	1351	7	15	3	6	1	399
1719	2258	7	15	3	7	2	354
1720	1352	7	15	3	8	1	400
1721	2261	7	15	3	9	2	357
1722	1353	7	15	3	10	1	401
1723	2264	7	15	3	11	2	360
1724	1354	7	15	3	12	1	402
1725	2267	7	15	3	13	2	363
1726	1355	7	15	3	14	1	403
1727	2270	7	15	3	15	2	366
1728	1340	7	15	4	0	1	388
1729	2225	7	15	4	1	2	321
1730	1341	7	15	4	2	1	389
1731	2228	7	15	4	3	2	324
1732	1342	7	15	4	4	1	390
1733	2231	7	15	4	5	2	327
1734	1343	7	15	4	6	1	391
1735	2234	7	15	4	7	2	330
1736	1344	7	15	4	8	1	392
1737	2237	7	15	4	9	2	333
1738	1345	7	15	4	10	1	393
1739	2240	7	15	4	11	2	336
1740	1346	7	15	4	12	1	394
1741	2243	7	15	4	13	2	339
1742	1347	7	15	4	14	1	395
1743	2246	7	15	4	15	2	342
1744	2247	7	15	5	0	2	343
1745	2245	7	15	5	1	2	341
1746	2244	7	15	5	2	2	340
1747	2242	7	15	5	3	2	338
1748	2241	7	15	5	4	2	337
1749	2239	7	15	5	5	2	335
1750	2238	7	15	5	6	2	334
1751	2236	7	15	5	7	2	332
1752	2235	7	15	5	8	2	331
1753	2233	7	15	5	9	2	329
1754	2232	7	15	5	10	2	328
1755	2230	7	15	5	11	2	326
1756	2229	7	15	5	12	2	325
1757	2227	7	15	5	13	2	323
1758	2226	7	15	5	14	2	322
1759	2224	7	15	5	15	2	320
1760	2223	7	15	6	0	2	319
1761	2221	7	15	6	1	2	317
1762	2220	7	15	6	2	2	316
1763	2218	7	15	6	3	2	314
1764	2217	7	15	6	4	2	313
1765	2215	7	15	6	5	2	311
1766	2214	7	15	6	6	2	310
1767	2212	7	15	6	7	2	308
1768	2211	7	15	6	8	2	307
1769	2209	7	15	6	9	2	305
1770	2208	7	15	6	10	2	304
1771	2206	7	15	6	11	2	302
1772	2205	7	15	6	12	2	301
1773	2203	7	15	6	13	2	299
1774	2202	7	15	6	14	2	298
1775	2200	7	15	6	15	2	296
1776	1332	7	15	7	0	1	380
1777	2201	7	15	7	1	2	297
1778	1333	7	15	7	2	1	381
1779	2204	7	15	7	3	2	300
1780	1334	7	15	7	4	1	382
1781	2207	7	15	7	5	2	303
1782	1335	7	15	7	6	1	383
1783	2210	7	15	7	7	2	306
1784	1336	7	15	7	8	1	384
1785	2213	7	15	7	9	2	309
1786	1337	7	15	7	10	1	385
1787	2216	7	15	7	11	2	312
1788	1338	7	15	7	12	1	386
1789	2219	7	15	7	13	2	315
1790	1339	7	15	7	14	1	387
1791	2222	7	15	7	15	2	318
1792	500	6	12	0	0	0	500
1793	2706	6	12	0	1	2	802
1794	501	6	12	0	2	0	501
1795	2703	6	12	0	3	2	799
1796	502	6	12	0	4	0	502
1797	2700	6	12	0	5	2	796
1798	503	6	12	0	6	0	503
1799	2697	6	12	0	7	2	793
1800	504	6	12	0	8	0	504
1801	2694	6	12	0	9	2	790
1802	505	6	12	0	10	0	505
1803	2691	6	12	0	11	2	787
1804	506	6	12	0	12	0	506
1805	2688	6	12	0	13	2	784
1806	507	6	12	0	14	0	507
1807	2685	6	12	0	15	2	781
1808	2684	6	12	1	0	2	780
1809	2686	6	12	1	1	2	782
1810	2687	6	12	1	2	2	783
1811	2689	6	12	1	3	2	785
1812	2690	6	12	1	4	2	786
1813	2692	6	12	1	5	2	788
1814	2693	6	12	1	6	2	789
1815	2695	6	12	1	7	2	791
1816	2696	6	12	1	8	2	792
1817	2698	6	12	1	9	2	794
1818	2699	6	12	1	10	2	795
1819	2701	6	12	1	11	2	797
1820	2702	6	12	1	12	2	798
1821	2704	6	12	1	13	2	800
1822	2705	6	12	1	14	2	801
1823	2707	6	12	1	15	2	803
1824	2708	6	12	2	0	2	804
1825	2710	6	12	2	1	2	806
1826	2711	6	12	2	2	2	807
1827	2713	6	12	2	3	2	809
1828	2714	6	12	2	4	2	810
1829	2716	6	12	2	5	2	812
1830	2717	6	12	2	6	2	813
1831	2719	6	12	2	7	2	815
1832	2720	6	12	2	8	2	816
1833	2722	6	12	2	9	2	818
1834	2723	6	12	2	10	2	819
1835	2725	6	12	2	11	2	821
1836	2726	6	12	2	12	2	822
1837	2728	6	12	2	13	2	824
1838	2729	6	12	2	14	2	825
1839	2731	6	12	2	15	2	827
1840	492	6	12	3	0	0	492
1841	2730	6	12	3	1	2	826
1842	493	6	12	3	2	0	493
1843	2727	6	12	3	3	2	823
1844	494	6	12	3	4	0	494
1845	2724	6	12	3	5	2	820
1846	495	6	12	3	6	0	495
1847	2721	6	12	3	7	2	817
1848	496	6	12	3	8	0	496
1849	2718	6	12	3	9	2	814
1850	497	6	12	3	10	0	497
1851	2715	6	12	3	11	2	811
1852	498	6	12	3	12	0	498
1853	2712	6	12	3	13	2	808
1854	499	6	12	3	14	0	499
1855	2709	6	12	3	15	2	805
1856	484	6	12	4	0	0	484
1857	2754	6	12	4	1	2	850
1858	485	6	12	4	2	0	485
1859	2751	6	12	4	3	2	847
1860	486	6	12	4	4	0	486
1861	2748	6	12	4	5	2	844
1862	487	6	12	4	6	0	487
1863	2745	6	12	4	7	2	841
1864	488	6	12	4	8	0	488
1865	2742	6	12	4	9	2	838
1866	489	6	12	4	10	0	489
1867	2739	6	12	4	11	2	835
1868	490	6	12	4	12	0	490
1869	2736	6	12	4	13	2	832
1870	491	6	12	4	14	0	491
1871	2733	6	12	4	15	2	829
1872	2732	6	12	5	0	2	828
1873	2734	6	12	5	1	2	830
1874	2735	6	12	5	2	2	831
1875	2737	6	12	5	3	2	833
1876	2738	6	12	5	4	2	834
1877	2740	6	12	5	5	2	836
1878	2741	6	12	5	6	2	837
1879	2743	6	12	5	7	2	839
1880	2744	6	12	5	8	2	840
1881	2746	6	12	5	9	2	842
1882	2747	6	12	5	10	2	843
1883	2749	6	12	5	11	2	845
1884	2750	6	12	5	12	2	846
1885	2752	6	12	5	13	2	848
1886	2753	6	12	5	14	2	849
1887	2755	6	12	5	15	2	851
1888	2756	6	12	6	0	2	852
1889	2758	6	12	6	1	2	854
1890	2759	6	12	6	2	2	855
1891	2761	6	12	6	3	2	857
1892	2762	6	12	6	4	2	858
1893	2764	6	12	6	5	2	860
1894	2765	6	12	6	6	2	861
1895	2767	6	12	6	7	2	863
1896	2768	6	12	6	8	2	864
1897	2770	6	12	6	9	2	866
1898	2771	6	12	6	10	2	867
1899	2773	6	12	6	11	2	869
1900	2774	6	12	6	12	2	870
1901	2776	6	12	6	13	2	872
1902	2777	6	12	6	14	2	873
1903	2779	6	12	6	15	2	875
1904	476	6	12	7	0	0	476
1905	2778	6	12	7	1	2	874
1906	477	6	12	7	2	0	477
1907	2775	6	12	7	3	2	871
1908	478	6	12	7	4	0	478
1909	2772	6	12	7	5	2	868
1910	479	6	12	7	6	0	479
1911	2769	6	12	7	7	2	865
1912	480	6	12	7	8	0	480
1913	2766	6	12	7	9	2	862
1914	481	6	12	7	10	0	481
1915	2763	6	12	7	11	2	859
1916	482	6	12	7	12	0	482
1917	2760	6	12	7	13	2	856
1918	483	6	12	7	14	0	483
1919	2757	6	12	7	15	2	853
1920	532	6	11	0	0	0	532
1921	2610	6	11	0	1	2	706
1922	533	6	11	0	2	0	533
1923	2607	6	11	0	3	2	703
1924	534	6	11	0	4	0	534
1925	2604	6	11	0	5	2	700
1926	535	6	11	0	6	0	535
1927	2601	6	11	0	7	2	697
1928	536	6	11	0	8	0	536
1929	2598	6	11	0	9	2	694
1930	537	6	11	0	10	0	537
1931	2595	6	11	0	11	2	691
1932	538	6	11	0	12	0	538
1933	2592	6	11	0	13	2	688
1934	539	6	11	0	14	0	539
1935	2589	6	11	0	15	2	685
1936	2588	6	11	1	0	2	684
1937	2590	6	11	1	1	2	686
1938	2591	6	11	1	2	2	687
1939	2593	6	11	1	3	2	689
1940	2594	6	11	1	4	2	690
1941	2596	6	11	1	5	2	692
1942	2597	6	11	1	6	2	693
1943	2599	6	11	1	7	2	695
1944	2600	6	11	1	8	2	696
1945	2602	6	11	1	9	2	698
1946	2603	6	11	1	10	2	699
1947	2605	6	11	1	11	2	701
1948	2606	6	11	1	12	2	702
1949	2608	6	11	1	13	2	704
1950	2609	6	11	1	14	2	705
1951	2611	6	11	1	15	2	707
1952	2612	6	11	2	0	2	708
1953	2614	6	11	2	1	2	710
1954	2615	6	11	2	2	2	711
1955	2617	6	11	2	3	2	713
1956	2618	6	11	2	4	2	714
1957	2620	6	11	2	5	2	716
1958	2621	6	11	2	6	2	717
1959	2623	6	11	2	7	2	719
1960	2624	6	11	2	8	2	720
1961	2626	6	11	2	9	2	722
1962	2627	6	11	2	10	2	723
1963	2629	6	11	2	11	2	725
1964	2630	6	11	2	12	2	726
1965	2632	6	11	2	13	2	728
1966	2633	6	11	2	14	2	729
1967	2635	6	11	2	15	2	731
1968	524	6	11	3	0	0	524
1969	2634	6	11	3	1	2	730
1970	525	6	11	3	2	0	525
1971	2631	6	11	3	3	2	727
1972	526	6	11	3	4	0	526
1973	2628	6	11	3	5	2	724
1974	527	6	11	3	6	0	527
1975	2625	6	11	3	7	2	721
1976	528	6	11	3	8	0	528
1977	2622	6	11	3	9	2	718
1978	529	6	11	3	10	0	529
1979	2619	6	11	3	11	2	715
1980	530	6	11	3	12	0	530
1981	2616	6	11	3	13	2	712
1982	531	6	11	3	14	0	531
1983	2613	6	11	3	15	2	709
1984	516	6	11	4	0	0	516
1985	2658	6	11	4	1	2	754
1986	517	6	11	4	2	0	517
1987	2655	6	11	4	3	2	751
1988	518	6	11	4	4	0	518
1989	2652	6	11	4	5	2	748
1990	519	6	11	4	6	0	519
1991	2649	6	11	4	7	2	745
1992	520	6	11	4	8	0	520
1993	2646	6	11	4	9	2	742
1994	521	6	11	4	10	0	521
1995	2643	6	11	4	11	2	739
1996	522	6	11	4	12	0	522
1997	2640	6	11	4	13	2	736
1998	523	6	11	4	14	0	523
1999	2637	6	11	4	15	2	733
2000	2636	6	11	5	0	2	732
2001	2638	6	11	5	1	2	734
2002	2639	6	11	5	2	2	735
2003	2641	6	11	5	3	2	737
2004	2642	6	11	5	4	2	738
2005	2644	6	11	5	5	2	740
2006	2645	6	11	5	6	2	741
2007	2647	6	11	5	7	2	743
2008	2648	6	11	5	8	2	744
2009	2650	6	11	5	9	2	746
2010	2651	6	11	5	10	2	747
2011	2653	6	11	5	11	2	749
2012	2654	6	11	5	12	2	750
2013	2656	6	11	5	13	2	752
2014	2657	6	11	5	14	2	753
2015	2659	6	11	5	15	2	755
2016	2660	6	11	6	0	2	756
2017	2662	6	11	6	1	2	758
2018	2663	6	11	6	2	2	759
2019	2665	6	11	6	3	2	761
2020	2666	6	11	6	4	2	762
2021	2668	6	11	6	5	2	764
2022	2669	6	11	6	6	2	765
2023	2671	6	11	6	7	2	767
2024	2672	6	11	6	8	2	768
2025	2674	6	11	6	9	2	770
2026	2675	6	11	6	10	2	771
2027	2677	6	11	6	11	2	773
2028	2678	6	11	6	12	2	774
2029	2680	6	11	6	13	2	776
2030	2681	6	11	6	14	2	777
2031	2683	6	11	6	15	2	779
2032	508	6	11	7	0	0	508
2033	2682	6	11	7	1	2	778
2034	509	6	11	7	2	0	509
2035	2679	6	11	7	3	2	775
2036	510	6	11	7	4	0	510
2037	2676	6	11	7	5	2	772
2038	511	6	11	7	6	0	511
2039	2673	6	11	7	7	2	769
2040	512	6	11	7	8	0	512
2041	2670	6	11	7	9	2	766
2042	513	6	11	7	10	0	513
2043	2667	6	11	7	11	2	763
2044	514	6	11	7	12	0	514
2045	2664	6	11	7	13	2	760
2046	515	6	11	7	14	0	515
2047	2661	6	11	7	15	2	757
2048	88	11	22	0	0	0	88
2049	1930	11	22	0	1	2	26
2050	89	11	22	0	2	0	89
2051	1927	11	22	0	3	2	23
2052	90	11	22	0	4	0	90
2053	1924	11	22	0	5	2	20
2054	91	11	22	0	6	0	91
2055	1921	11	22	0	7	2	17
2056	92	11	22	0	8	0	92
2057	1918	11	22	0	9	2	14
2058	93	11	22	0	10	0	93
2059	1915	11	22	0	11	2	11
2060	94	11	22	0	12	0	94
2061	1912	11	22	0	13	2	8
2062	95	11	22	0	14	0	95
2063	1909	11	22	0	15	2	5
2064	1908	11	22	1	0	2	4
2065	1910	11	22	1	1	2	6
2066	1911	11	22	1	2	2	7
2067	1913	11	22	1	3	2	9
2068	1914	11	22	1	4	2	10
2069	1916	11	22	1	5	2	12
2070	1917	11	22	1	6	2	13
2071	1919	11	22	1	7	2	15
2072	1920	11	22	1	8	2	16
2073	1922	11	22	1	9	2	18
2074	1923	11	22	1	10	2	19
2075	1925	11	22	1	11	2	21
2076	1926	11	22	1	12	2	22
2077	1928	11	22	1	13	2	24
2078	1929	11	22	1	14	2	25
2079	1931	11	22	1	15	2	27
2080	1932	11	22	2	0	2	28
2081	1934	11	22	2	1	2	30
2082	1935	11	22	2	2	2	31
2083	1937	11	22	2	3	2	33
2084	1938	11	22	2	4	2	34
2085	1940	11	22	2	5	2	36
2086	1941	11	22	2	6	2	37
2087	1943	11	22	2	7	2	39
2088	1944	11	22	2	8	2	40
2089	1946	11	22	2	9	2	42
2090	1947	11	22	2	10	2	43
2091	1949	11	22	2	11	2	45
2092	1950	11	22	2	12	2	46
2093	1952	11	22	2	13	2	48
2094	1953	11	22	2	14	2	49
2095	1955	11	22	2	15	2	51
2096	80	11	22	3	0	0	80
2097	1954	11	22	3	1	2	50
2098	81	11	22	3	2	0	81
2099	1951	11	22	3	3	2	47
2100	82	11	22	3	4	0	82
2101	1948	11	22	3	5	2	44
2102	83	11	22	3	6	0	83
2103	1945	11	22	3	7	2	41
2104	84	11	22	3	8	0	84
2105	1942	11	22	3	9	2	38
2106	85	11	22	3	10	0	85
2107	1939	11	22	3	11	2	35
2108	86	11	22	3	12	0	86
2109	1936	11	22	3	13	2	32
2110	87	11	22	3	14	0	87
2111	1933	11	22	3	15	2	29
2112	72	11	22	4	0	0	72
2113	1978	11	22	4	1	2	74
2114	73	11	22	4	2	0	73
2115	1975	11	22	4	3	2	71
2116	74	11	22	4	4	0	74
2117	1972	11	22	4	5	2	68
2118	75	11	22	4	6	0	75
2119	1969	11	22	4	7	2	65
2120	76	11	22	4	8	0	76
2121	1966	11	22	4	9	2	62
2122	77	11	22	4	10	0	77
2123	1963	11	22	4	11	2	59
2124	78	11	22	4	12	0	78
2125	1960	11	22	4	13	2	56
2126	79	11	22	4	14	0	79
2127	1957	11	22	4	15	2	53
2128	1956	11	22	5	0	2	52
2129	1958	11	22	5	1	2	54
2130	1959	11	22	5	2	2	55
2131	1961	11	22	5	3	2	57
2132	1962	11	22	5	4	2	58
2133	1964	11	22	5	5	2	60
2134	1965	11	22	5	6	2	61
2135	1967	11	22	5	7	2	63
2136	1968	11	22	5	8	2	64
2137	1970	11	22	5	9	2	66
2138	1971	11	22	5	10	2	67
2139	1973	11	22	5	11	2	69
2140	1974	11	22	5	12	2	70
2141	1976	11	22	5	13	2	72
2142	1977	11	22	5	14	2	73
2143	1979	11	22	5	15	2	75
2144	1980	11	22	6	0	2	76
2145	1982	11	22	6	1	2	78
2146	1983	11	22	6	2	2	79
2147	1985	11	22	6	3	2	81
2148	1986	11	22	6	4	2	82
2149	1988	11	22	6	5	2	84
2150	1989	11	22	6	6	2	85
2151	1991	11	22	6	7	2	87
2152	1992	11	22	6	8	2	88
2153	1994	11	22	6	9	2	90
2154	1995	11	22	6	10	2	91
2155	1997	11	22	6	11	2	93
2156	1998	11	22	6	12	2	94
2157	2000	11	22	6	13	2	96
2158	2001	11	22	6	14	2	97
2159	2003	11	22	6	15	2	99
2160	64	11	22	7	0	0	64
2161	2002	11	22	7	1	2	98
2162	65	11	22	7	2	0	65
2163	1999	11	22	7	3	2	95
2164	66	11	22	7	4	0	66
2165	1996	11	22	7	5	2	92
2166	67	11	22	7	6	0	67
2167	1993	11	22	7	7	2	89
2168	68	11	22	7	8	0	68
2169	1990	11	22	7	9	2	86
2170	69	11	22	7	10	0	69
2171	1987	11	22	7	11	2	83
2172	70	11	22	7	12	0	70
2173	1984	11	22	7	13	2	80
2174	71	11	22	7	14	0	71
2175	1981	11	22	7	15	2	77
2176	142	11	21	0	0	0	142
2177	143	11	21	0	1	0	143
2178	1001	11	21	0	2	1	49
2179	145	11	21	0	3	0	145
2180	1003	11	21	0	4	1	51
2181	147	11	21	0	5	0	147
2182	1005	11	21	0	6	1	53
2183	149	11	21	0	7	0	149
2184	1007	11	21	0	8	1	55
2185	151	11	21	0	9	0	151
2186	1009	11	21	0	10	1	57
2187	153	11	21	0	11	0	153
2188	1011	11	21	0	12	1	59
2189	155	11	21	0	13	0	155
2190	156	11	21	0	14	0	156
2191	157	11	21	0	15	0	157
2192	1013	11	21	1	0	1	61
2193	1012	11	21	1	1	1	60
2194	154	11	21	1	2	0	154
2195	1010	11	21	1	3	1	58
2196	152	11	21	1	4	0	152
2197	1008	11	21	1	5	1	56
2198	150	11	21	1	6	0	150
2199	1006	11	21	1	7	1	54
2200	148	11	21	1	8	0	148
2201	1004	11	21	1	9	1	52
2202	146	11	21	1	10	0	146
2203	1002	11	21	1	11	1	50
2204	144	11	21	1	12	0	144
2205	1000	11	21	1	13	1	48
2206	999	11	21	1	14	1	47
2207	998	11	21	1	15	1	46
2208	140	11	21	2	0	0	140
2209	996	11	21	2	1	1	44
2210	138	11	21	2	2	0	138
2211	994	11	21	2	3	1	42
2212	136	11	21	2	4	0	136
2213	992	11	21	2	5	1	40
2214	134	11	21	2	6	0	134
2215	990	11	21	2	7	1	38
2216	132	11	21	2	8	0	132
2217	988	11	21	2	9	1	36
2218	130	11	21	2	10	0	130
2219	986	11	21	2	11	1	34
2220	128	11	21	2	12	0	128
2221	984	11	21	2	13	1	32
2222	126	11	21	2	14	0	126
2223	982	11	21	2	15	1	30
2224	983	11	21	3	0	1	31
2225	127	11	21	3	1	0	127
2226	985	11	21	3	2	1	33
2227	129	11	21	3	3	0	129
2228	987	11	21	3	4	1	35
2229	131	11	21	3	5	0	131
2230	989	11	21	3	6	1	37
2231	133	11	21	3	7	0	133
2232	991	11	21	3	8	1	39
2233	135	11	21	3	9	0	135
2234	993	11	21	3	10	1	41
2235	137	11	21	3	11	0	137
2236	995	11	21	3	12	1	43
2237	139	11	21	3	13	0	139
2238	997	11	21	3	14	1	45
2239	141	11	21	3	15	0	141
2240	967	11	21	4	0	1	15
2241	111	11	21	4	1	0	111
2242	969	11	21	4	2	1	17
2243	113	11	21	4	3	0	113
2244	971	11	21	4	4	1	19
2245	115	11	21	4	5	0	115
2246	973	11	21	4	6	1	21
2247	117	11	21	4	7	0	117
2248	975	11	21	4	8	1	23
2249	119	11	21	4	9	0	119
2250	977	11	21	4	10	1	25
2251	121	11	21	4	11	0	121
2252	979	11	21	4	12	1	27
2253	123	11	21	4	13	0	123
2254	981	11	21	4	14	1	29
2255	125	11	21	4	15	0	125
2256	124	11	21	5	0	0	124
2257	980	11	21	5	1	1	28
2258	122	11	21	5	2	0	122
2259	978	11	21	5	3	1	26
2260	120	11	21	5	4	0	120
2261	976	11	21	5	5	1	24
2262	118	11	21	5	6	0	118
2263	974	11	21	5	7	1	22
2264	116	11	21	5	8	0	116
2265	972	11	21	5	9	1	20
2266	114	11	21	5	10	0	114
2267	970	11	21	5	11	1	18
2268	112	11	21	5	12	0	112
2269	968	11	21	5	13	1	16
2270	110	11	21	5	14	0	110
2271	966	11	21	5	15	1	14
2272	108	11	21	6	0	0	108
2273	964	11	21	6	1	1	12
2274	106	11	21	6	2	0	106
2275	962	11	21	6	3	1	10
2276	104	11	21	6	4	0	104
2277	960	11	21	6	5	1	8
2278	102	11	21	6	6	0	102
2279	958	11	21	6	7	1	6
2280	100	11	21	6	8	0	100
2281	956	11	21	6	9	1	4
2282	98	11	21	6	10	0	98
2283	954	11	21	6	11	1	2
2284	96	11	21	6	12	0	96
2285	952	11	21	6	13	1	0
2286	1904	11	21	6	14	2	0
2287	1906	11	21	6	15	2	2
2288	1907	11	21	7	0	2	3
2289	1905	11	21	7	1	2	1
2290	953	11	21	7	2	1	1
2291	97	11	21	7	3	0	97
2292	955	11	21	7	4	1	3
2293	99	11	21	7	5	0	99
2294	957	11	21	7	6	1	5
2295	101	11	21	7	7	0	101
2296	959	11	21	7	8	1	7
2297	103	11	21	7	9	0	103
2298	961	11	21	7	10	1	9
2299	105	11	21	7	11	0	105
2300	963	11	21	7	12	1	11
2301	107	11	21	7	13	0	107
2302	965	11	21	7	14	1	13
2303	109	11	21	7	15	0	109
2304	334	10	18	0	0	0	334
2305	335	10	18	0	1	0	335
2306	336	10	18	0	2	0	336
2307	337	10	18	0	3	0	337
2308	338	10	18	0	4	0	338
2309	339	10	18	0	5	0	339
2310	340	10	18	0	6	0	340
2311	341	10	18	0	7	0	341
2312	342	10	18	0	8	0	342
2313	343	10	18	0	9	0	343
2314	344	10	18	0	10	0	344
2315	345	10	18	0	11	0	345
2316	346	10	18	0	12	0	346
2317	347	10	18	0	13	0	347
2318	348	10	18	0	14	0	348
2319	349	10	18	0	15	0	349
2320	1205	10	18	1	0	1	253
2321	1204	10	18	1	1	1	252
2322	1203	10	18	1	2	1	251
2323	1202	10	18	1	3	1	250
2324	1201	10	18	1	4	1	249
2325	1200	10	18	1	5	1	248
2326	1199	10	18	1	6	1	247
2327	1198	10	18	1	7	1	246
2328	1197	10	18	1	8	1	245
2329	1196	10	18	1	9	1	244
2330	1195	10	18	1	10	1	243
2331	1194	10	18	1	11	1	242
2332	1193	10	18	1	12	1	241
2333	1192	10	18	1	13	1	240
2334	1191	10	18	1	14	1	239
2335	1190	10	18	1	15	1	238
2336	1189	10	18	2	0	1	237
2337	1188	10	18	2	1	1	236
2338	1187	10	18	2	2	1	235
2339	1186	10	18	2	3	1	234
2340	1185	10	18	2	4	1	233
2341	1184	10	18	2	5	1	232
2342	1183	10	18	2	6	1	231
2343	1182	10	18	2	7	1	230
2344	1181	10	18	2	8	1	229
2345	1180	10	18	2	9	1	228
2346	1179	10	18	2	10	1	227
2347	1178	10	18	2	11	1	226
2348	1177	10	18	2	12	1	225
2349	1176	10	18	2	13	1	224
2350	1175	10	18	2	14	1	223
2351	1174	10	18	2	15	1	222
2352	318	10	18	3	0	0	318
2353	319	10	18	3	1	0	319
2354	320	10	18	3	2	0	320
2355	321	10	18	3	3	0	321
2356	322	10	18	3	4	0	322
2357	323	10	18	3	5	0	323
2358	324	10	18	3	6	0	324
2359	325	10	18	3	7	0	325
2360	326	10	18	3	8	0	326
2361	327	10	18	3	9	0	327
2362	328	10	18	3	10	0	328
2363	329	10	18	3	11	0	329
2364	330	10	18	3	12	0	330
2365	331	10	18	3	13	0	331
2366	332	10	18	3	14	0	332
2367	333	10	18	3	15	0	333
2368	302	10	18	4	0	0	302
2369	303	10	18	4	1	0	303
2370	304	10	18	4	2	0	304
2371	305	10	18	4	3	0	305
2372	306	10	18	4	4	0	306
2373	307	10	18	4	5	0	307
2374	308	10	18	4	6	0	308
2375	309	10	18	4	7	0	309
2376	310	10	18	4	8	0	310
2377	311	10	18	4	9	0	311
2378	312	10	18	4	10	0	312
2379	313	10	18	4	11	0	313
2380	314	10	18	4	12	0	314
2381	315	10	18	4	13	0	315
2382	316	10	18	4	14	0	316
2383	317	10	18	4	15	0	317
2384	1173	10	18	5	0	1	221
2385	1172	10	18	5	1	1	220
2386	1171	10	18	5	2	1	219
2387	1170	10	18	5	3	1	218
2388	1169	10	18	5	4	1	217
2389	1168	10	18	5	5	1	216
2390	1167	10	18	5	6	1	215
2391	1166	10	18	5	7	1	214
2392	1165	10	18	5	8	1	213
2393	1164	10	18	5	9	1	212
2394	1163	10	18	5	10	1	211
2395	1162	10	18	5	11	1	210
2396	1161	10	18	5	12	1	209
2397	1160	10	18	5	13	1	208
2398	1159	10	18	5	14	1	207
2399	1158	10	18	5	15	1	206
2400	1157	10	18	6	0	1	205
2401	1156	10	18	6	1	1	204
2402	1155	10	18	6	2	1	203
2403	1154	10	18	6	3	1	202
2404	1153	10	18	6	4	1	201
2405	1152	10	18	6	5	1	200
2406	1151	10	18	6	6	1	199
2407	1150	10	18	6	7	1	198
2408	1149	10	18	6	8	1	197
2409	1148	10	18	6	9	1	196
2410	1147	10	18	6	10	1	195
2411	1146	10	18	6	11	1	194
2412	1145	10	18	6	12	1	193
2413	1144	10	18	6	13	1	192
2414	1143	10	18	6	14	1	191
2415	1142	10	18	6	15	1	190
2416	286	10	18	7	0	0	286
2417	287	10	18	7	1	0	287
2418	288	10	18	7	2	0	288
2419	289	10	18	7	3	0	289
2420	290	10	18	7	4	0	290
2421	291	10	18	7	5	0	291
2422	292	10	18	7	6	0	292
2423	293	10	18	7	7	0	293
2424	294	10	18	7	8	0	294
2425	295	10	18	7	9	0	295
2426	296	10	18	7	10	0	296
2427	297	10	18	7	11	0	297
2428	298	10	18	7	12	0	298
2429	299	10	18	7	13	0	299
2430	300	10	18	7	14	0	300
2431	301	10	18	7	15	0	301
2432	398	10	17	0	0	0	398
2433	399	10	17	0	1	0	399
2434	400	10	17	0	2	0	400
2435	401	10	17	0	3	0	401
2436	402	10	17	0	4	0	402
2437	403	10	17	0	5	0	403
2438	404	10	17	0	6	0	404
2439	405	10	17	0	7	0	405
2440	406	10	17	0	8	0	406
2441	407	10	17	0	9	0	407
2442	408	10	17	0	10	0	408
2443	409	10	17	0	11	0	409
2444	410	10	17	0	12	0	410
2445	411	10	17	0	13	0	411
2446	412	10	17	0	14	0	412
2447	413	10	17	0	15	0	413
2448	1269	10	17	1	0	1	317
2449	1268	10	17	1	1	1	316
2450	1267	10	17	1	2	1	315
2451	1266	10	17	1	3	1	314
2452	1265	10	17	1	4	1	313
2453	1264	10	17	1	5	1	312
2454	1263	10	17	1	6	1	311
2455	1262	10	17	1	7	1	310
2456	1261	10	17	1	8	1	309
2457	1260	10	17	1	9	1	308
2458	1259	10	17	1	10	1	307
2459	1258	10	17	1	11	1	306
2460	1257	10	17	1	12	1	305
2461	1256	10	17	1	13	1	304
2462	1255	10	17	1	14	1	303
2463	1254	10	17	1	15	1	302
2464	1253	10	17	2	0	1	301
2465	1252	10	17	2	1	1	300
2466	1251	10	17	2	2	1	299
2467	1250	10	17	2	3	1	298
2468	1249	10	17	2	4	1	297
2469	1248	10	17	2	5	1	296
2470	1247	10	17	2	6	1	295
2471	1246	10	17	2	7	1	294
2472	1245	10	17	2	8	1	293
2473	1244	10	17	2	9	1	292
2474	1243	10	17	2	10	1	291
2475	1242	10	17	2	11	1	290
2476	1241	10	17	2	12	1	289
2477	1240	10	17	2	13	1	288
2478	1239	10	17	2	14	1	287
2479	1238	10	17	2	15	1	286
2480	382	10	17	3	0	0	382
2481	383	10	17	3	1	0	383
2482	384	10	17	3	2	0	384
2483	385	10	17	3	3	0	385
2484	386	10	17	3	4	0	386
2485	387	10	17	3	5	0	387
2486	388	10	17	3	6	0	388
2487	389	10	17	3	7	0	389
2488	390	10	17	3	8	0	390
2489	391	10	17	3	9	0	391
2490	392	10	17	3	10	0	392
2491	393	10	17	3	11	0	393
2492	394	10	17	3	12	0	394
2493	395	10	17	3	13	0	395
2494	396	10	17	3	14	0	396
2495	397	10	17	3	15	0	397
2496	366	10	17	4	0	0	366
2497	367	10	17	4	1	0	367
2498	368	10	17	4	2	0	368
2499	369	10	17	4	3	0	369
2500	370	10	17	4	4	0	370
2501	371	10	17	4	5	0	371
2502	372	10	17	4	6	0	372
2503	373	10	17	4	7	0	373
2504	374	10	17	4	8	0	374
2505	375	10	17	4	9	0	375
2506	376	10	17	4	10	0	376
2507	377	10	17	4	11	0	377
2508	378	10	17	4	12	0	378
2509	379	10	17	4	13	0	379
2510	380	10	17	4	14	0	380
2511	381	10	17	4	15	0	381
2512	1237	10	17	5	0	1	285
2513	1236	10	17	5	1	1	284
2514	1235	10	17	5	2	1	283
2515	1234	10	17	5	3	1	282
2516	1233	10	17	5	4	1	281
2517	1232	10	17	5	5	1	280
2518	1231	10	17	5	6	1	279
2519	1230	10	17	5	7	1	278
2520	1229	10	17	5	8	1	277
2521	1228	10	17	5	9	1	276
2522	1227	10	17	5	10	1	275
2523	1226	10	17	5	11	1	274
2524	1225	10	17	5	12	1	273
2525	1224	10	17	5	13	1	272
2526	1223	10	17	5	14	1	271
2527	1222	10	17	5	15	1	270
2528	1221	10	17	6	0	1	269
2529	1220	10	17	6	1	1	268
2530	1219	10	17	6	2	1	267
2531	1218	10	17	6	3	1	266
2532	1217	10	17	6	4	1	265
2533	1216	10	17	6	5	1	264
2534	1215	10	17	6	6	1	263
2535	1214	10	17	6	7	1	262
2536	1213	10	17	6	8	1	261
2537	1212	10	17	6	9	1	260
2538	1211	10	17	6	10	1	259
2539	1210	10	17	6	11	1	258
2540	1209	10	17	6	12	1	257
2541	1208	10	17	6	13	1	256
2542	1207	10	17	6	14	1	255
2543	1206	10	17	6	15	1	254
2544	350	10	17	7	0	0	350
2545	351	10	17	7	1	0	351
2546	352	10	17	7	2	0	352
2547	353	10	17	7	3	0	353
2548	354	10	17	7	4	0	354
2549	355	10	17	7	5	0	355
2550	356	10	17	7	6	0	356
2551	357	10	17	7	7	0	357
2552	358	10	17	7	8	0	358
2553	359	10	17	7	9	0	359
2554	360	10	17	7	10	0	360
2555	361	10	17	7	11	0	361
2556	362	10	17	7	12	0	362
2557	363	10	17	7	13	0	363
2558	364	10	17	7	14	0	364
2559	365	10	17	7	15	0	365
2560	24	9	24	0	0	0	24
2561	2122	9	24	0	1	2	218
2562	25	9	24	0	2	0	25
2563	2119	9	24	0	3	2	215
2564	26	9	24	0	4	0	26
2565	2116	9	24	0	5	2	212
2566	27	9	24	0	6	0	27
2567	2113	9	24	0	7	2	209
2568	28	9	24	0	8	0	28
2569	2110	9	24	0	9	2	206
2570	29	9	24	0	10	0	29
2571	2107	9	24	0	11	2	203
2572	30	9	24	0	12	0	30
2573	2104	9	24	0	13	2	200
2574	31	9	24	0	14	0	31
2575	2101	9	24	0	15	2	197
2576	2100	9	24	1	0	2	196
2577	2102	9	24	1	1	2	198
2578	2103	9	24	1	2	2	199
2579	2105	9	24	1	3	2	201
2580	2106	9	24	1	4	2	202
2581	2108	9	24	1	5	2	204
2582	2109	9	24	1	6	2	205
2583	2111	9	24	1	7	2	207
2584	2112	9	24	1	8	2	208
2585	2114	9	24	1	9	2	210
2586	2115	9	24	1	10	2	211
2587	2117	9	24	1	11	2	213
2588	2118	9	24	1	12	2	214
2589	2120	9	24	1	13	2	216
2590	2121	9	24	1	14	2	217
2591	2123	9	24	1	15	2	219
2592	2124	9	24	2	0	2	220
2593	2126	9	24	2	1	2	222
2594	2127	9	24	2	2	2	223
2595	2129	9	24	2	3	2	225
2596	2130	9	24	2	4	2	226
2597	2132	9	24	2	5	2	228
2598	2133	9	24	2	6	2	229
2599	2135	9	24	2	7	2	231
2600	2136	9	24	2	8	2	232
2601	2138	9	24	2	9	2	234
2602	2139	9	24	2	10	2	235
2603	2141	9	24	2	11	2	237
2604	2142	9	24	2	12	2	238
2605	2144	9	24	2	13	2	240
2606	2145	9	24	2	14	2	241
2607	2147	9	24	2	15	2	243
2608	16	9	24	3	0	0	16
2609	2146	9	24	3	1	2	242
2610	17	9	24	3	2	0	17
2611	2143	9	24	3	3	2	239
2612	18	9	24	3	4	0	18
2613	2140	9	24	3	5	2	236
2614	19	9	24	3	6	0	19
2615	2137	9	24	3	7	2	233
2616	20	9	24	3	8	0	20
2617	2134	9	24	3	9	2	230
2618	21	9	24	3	10	0	21
2619	2131	9	24	3	11	2	227
2620	22	9	24	3	12	0	22
2621	2128	9	24	3	13	2	224
2622	23	9	24	3	14	0	23
2623	2125	9	24	3	15	2	221
2624	8	9	24	4	0	0	8
2625	2170	9	24	4	1	2	266
2626	9	9	24	4	2	0	9
2627	2167	9	24	4	3	2	263
2628	10	9	24	4	4	0	10
2629	2164	9	24	4	5	2	260
2630	11	9	24	4	6	0	11
2631	2161	9	24	4	7	2	257
2632	12	9	24	4	8	0	12
2633	2158	9	24	4	9	2	254
2634	13	9	24	4	10	0	13
2635	2155	9	24	4	11	2	251
2636	14	9	24	4	12	0	14
2637	2152	9	24	4	13	2	248
2638	15	9	24	4	14	0	15
2639	2149	9	24	4	15	2	245
2640	2148	9	24	5	0	2	244
2641	2150	9	24	5	1	2	246
2642	2151	9	24	5	2	2	247
2643	2153	9	24	5	3	2	249
2644	2154	9	24	5	4	2	250
2645	2156	9	24	5	5	2	252
2646	2157	9	24	5	6	2	253
2647	2159	9	24	5	7	2	255
2648	2160	9	24	5	8	2	256
2649	2162	9	24	5	9	2	258
2650	2163	9	24	5	10	2	259
2651	2165	9	24	5	11	2	261
2652	2166	9	24	5	12	2	262
2653	2168	9	24	5	13	2	264
2654	2169	9	24	5	14	2	265
2655	2171	9	24	5	15	2	267
2656	2172	9	24	6	0	2	268
2657	2174	9	24	6	1	2	270
2658	2175	9	24	6	2	2	271
2659	2177	9	24	6	3	2	273
2660	2178	9	24	6	4	2	274
2661	2180	9	24	6	5	2	276
2662	2181	9	24	6	6	2	277
2663	2183	9	24	6	7	2	279
2664	2184	9	24	6	8	2	280
2665	2186	9	24	6	9	2	282
2666	2187	9	24	6	10	2	283
2667	2189	9	24	6	11	2	285
2668	2190	9	24	6	12	2	286
2669	2192	9	24	6	13	2	288
2670	2193	9	24	6	14	2	289
2671	2195	9	24	6	15	2	291
2672	0	9	24	7	0	0	0
2673	2194	9	24	7	1	2	290
2674	1	9	24	7	2	0	1
2675	2191	9	24	7	3	2	287
2676	2	9	24	7	4	0	2
2677	2188	9	24	7	5	2	284
2678	3	9	24	7	6	0	3
2679	2185	9	24	7	7	2	281
2680	4	9	24	7	8	0	4
2681	2182	9	24	7	9	2	278
2682	5	9	24	7	10	0	5
2683	2179	9	24	7	11	2	275
2684	6	9	24	7	12	0	6
2685	2176	9	24	7	13	2	272
2686	7	9	24	7	14	0	7
2687	2173	9	24	7	15	2	269
2688	56	9	23	0	0	0	56
2689	2026	9	23	0	1	2	122
2690	57	9	23	0	2	0	57
2691	2023	9	23	0	3	2	119
2692	58	9	23	0	4	0	58
2693	2020	9	23	0	5	2	116
2694	59	9	23	0	6	0	59
2695	2017	9	23	0	7	2	113
2696	60	9	23	0	8	0	60
2697	2014	9	23	0	9	2	110
2698	61	9	23	0	10	0	61
2699	2011	9	23	0	11	2	107
2700	62	9	23	0	12	0	62
2701	2008	9	23	0	13	2	104
2702	63	9	23	0	14	0	63
2703	2005	9	23	0	15	2	101
2704	2004	9	23	1	0	2	100
2705	2006	9	23	1	1	2	102
2706	2007	9	23	1	2	2	103
2707	2009	9	23	1	3	2	105
2708	2010	9	23	1	4	2	106
2709	2012	9	23	1	5	2	108
2710	2013	9	23	1	6	2	109
2711	2015	9	23	1	7	2	111
2712	2016	9	23	1	8	2	112
2713	2018	9	23	1	9	2	114
2714	2019	9	23	1	10	2	115
2715	2021	9	23	1	11	2	117
2716	2022	9	23	1	12	2	118
2717	2024	9	23	1	13	2	120
2718	2025	9	23	1	14	2	121
2719	2027	9	23	1	15	2	123
2720	2028	9	23	2	0	2	124
2721	2030	9	23	2	1	2	126
2722	2031	9	23	2	2	2	127
2723	2033	9	23	2	3	2	129
2724	2034	9	23	2	4	2	130
2725	2036	9	23	2	5	2	132
2726	2037	9	23	2	6	2	133
2727	2039	9	23	2	7	2	135
2728	2040	9	23	2	8	2	136
2729	2042	9	23	2	9	2	138
2730	2043	9	23	2	10	2	139
2731	2045	9	23	2	11	2	141
2732	2046	9	23	2	12	2	142
2733	2048	9	23	2	13	2	144
2734	2049	9	23	2	14	2	145
2735	2051	9	23	2	15	2	147
2736	48	9	23	3	0	0	48
2737	2050	9	23	3	1	2	146
2738	49	9	23	3	2	0	49
2739	2047	9	23	3	3	2	143
2740	50	9	23	3	4	0	50
2741	2044	9	23	3	5	2	140
2742	51	9	23	3	6	0	51
2743	2041	9	23	3	7	2	137
2744	52	9	23	3	8	0	52
2745	2038	9	23	3	9	2	134
2746	53	9	23	3	10	0	53
2747	2035	9	23	3	11	2	131
2748	54	9	23	3	12	0	54
2749	2032	9	23	3	13	2	128
2750	55	9	23	3	14	0	55
2751	2029	9	23	3	15	2	125
2752	40	9	23	4	0	0	40
2753	2074	9	23	4	1	2	170
2754	41	9	23	4	2	0	41
2755	2071	9	23	4	3	2	167
2756	42	9	23	4	4	0	42
2757	2068	9	23	4	5	2	164
2758	43	9	23	4	6	0	43
2759	2065	9	23	4	7	2	161
2760	44	9	23	4	8	0	44
2761	2062	9	23	4	9	2	158
2762	45	9	23	4	10	0	45
2763	2059	9	23	4	11	2	155
2764	46	9	23	4	12	0	46
2765	2056	9	23	4	13	2	152
2766	47	9	23	4	14	0	47
2767	2053	9	23	4	15	2	149
2768	2052	9	23	5	0	2	148
2769	2054	9	23	5	1	2	150
2770	2055	9	23	5	2	2	151
2771	2057	9	23	5	3	2	153
2772	2058	9	23	5	4	2	154
2773	2060	9	23	5	5	2	156
2774	2061	9	23	5	6	2	157
2775	2063	9	23	5	7	2	159
2776	2064	9	23	5	8	2	160
2777	2066	9	23	5	9	2	162
2778	2067	9	23	5	10	2	163
2779	2069	9	23	5	11	2	165
2780	2070	9	23	5	12	2	166
2781	2072	9	23	5	13	2	168
2782	2073	9	23	5	14	2	169
2783	2075	9	23	5	15	2	171
2784	2076	9	23	6	0	2	172
2785	2078	9	23	6	1	2	174
2786	2079	9	23	6	2	2	175
2787	2081	9	23	6	3	2	177
2788	2082	9	23	6	4	2	178
2789	2084	9	23	6	5	2	180
2790	2085	9	23	6	6	2	181
2791	2087	9	23	6	7	2	183
2792	2088	9	23	6	8	2	184
2793	2090	9	23	6	9	2	186
2794	2091	9	23	6	10	2	187
2795	2093	9	23	6	11	2	189
2796	2094	9	23	6	12	2	190
2797	2096	9	23	6	13	2	192
2798	2097	9	23	6	14	2	193
2799	2099	9	23	6	15	2	195
2800	32	9	23	7	0	0	32
2801	2098	9	23	7	1	2	194
2802	33	9	23	7	2	0	33
2803	2095	9	23	7	3	2	191
2804	34	9	23	7	4	0	34
2805	2092	9	23	7	5	2	188
2806	35	9	23	7	6	0	35
2807	2089	9	23	7	7	2	185
2808	36	9	23	7	8	0	36
2809	2086	9	23	7	9	2	182
2810	37	9	23	7	10	0	37
2811	2083	9	23	7	11	2	179
2812	38	9	23	7	12	0	38
2813	2080	9	23	7	13	2	176
2814	39	9	23	7	14	0	39
2815	2077	9	23	7	15	2	173
2816	206	8	20	0	0	0	206
2817	207	8	20	0	1	0	207
2818	208	8	20	0	2	0	208
2819	209	8	20	0	3	0	209
2820	210	8	20	0	4	0	210
2821	211	8	20	0	5	0	211
2822	212	8	20	0	6	0	212
2823	213	8	20	0	7	0	213
2824	214	8	20	0	8	0	214
2825	215	8	20	0	9	0	215
2826	216	8	20	0	10	0	216
2827	217	8	20	0	11	0	217
2828	218	8	20	0	12	0	218
2829	219	8	20	0	13	0	219
2830	220	8	20	0	14	0	220
2831	221	8	20	0	15	0	221
2832	1077	8	20	1	0	1	125
2833	1076	8	20	1	1	1	124
2834	1075	8	20	1	2	1	123
2835	1074	8	20	1	3	1	122
2836	1073	8	20	1	4	1	121
2837	1072	8	20	1	5	1	120
2838	1071	8	20	1	6	1	119
2839	1070	8	20	1	7	1	118
2840	1069	8	20	1	8	1	117
2841	1068	8	20	1	9	1	116
2842	1067	8	20	1	10	1	115
2843	1066	8	20	1	11	1	114
2844	1065	8	20	1	12	1	113
2845	1064	8	20	1	13	1	112
2846	1063	8	20	1	14	1	111
2847	1062	8	20	1	15	1	110
2848	1061	8	20	2	0	1	109
2849	1060	8	20	2	1	1	108
2850	1059	8	20	2	2	1	107
2851	1058	8	20	2	3	1	106
2852	1057	8	20	2	4	1	105
2853	1056	8	20	2	5	1	104
2854	1055	8	20	2	6	1	103
2855	1054	8	20	2	7	1	102
2856	1053	8	20	2	8	1	101
2857	1052	8	20	2	9	1	100
2858	1051	8	20	2	10	1	99
2859	1050	8	20	2	11	1	98
2860	1049	8	20	2	12	1	97
2861	1048	8	20	2	13	1	96
2862	1047	8	20	2	14	1	95
2863	1046	8	20	2	15	1	94
2864	190	8	20	3	0	0	190
2865	191	8	20	3	1	0	191
2866	192	8	20	3	2	0	192
2867	193	8	20	3	3	0	193
2868	194	8	20	3	4	0	194
2869	195	8	20	3	5	0	195
2870	196	8	20	3	6	0	196
2871	197	8	20	3	7	0	197
2872	198	8	20	3	8	0	198
2873	199	8	20	3	9	0	199
2874	200	8	20	3	10	0	200
2875	201	8	20	3	11	0	201
2876	202	8	20	3	12	0	202
2877	203	8	20	3	13	0	203
2878	204	8	20	3	14	0	204
2879	205	8	20	3	15	0	205
2880	174	8	20	4	0	0	174
2881	175	8	20	4	1	0	175
2882	176	8	20	4	2	0	176
2883	177	8	20	4	3	0	177
2884	178	8	20	4	4	0	178
2885	179	8	20	4	5	0	179
2886	180	8	20	4	6	0	180
2887	181	8	20	4	7	0	181
2888	182	8	20	4	8	0	182
2889	183	8	20	4	9	0	183
2890	184	8	20	4	10	0	184
2891	185	8	20	4	11	0	185
2892	186	8	20	4	12	0	186
2893	187	8	20	4	13	0	187
2894	188	8	20	4	14	0	188
2895	189	8	20	4	15	0	189
2896	1045	8	20	5	0	1	93
2897	1044	8	20	5	1	1	92
2898	1043	8	20	5	2	1	91
2899	1042	8	20	5	3	1	90
2900	1041	8	20	5	4	1	89
2901	1040	8	20	5	5	1	88
2902	1039	8	20	5	6	1	87
2903	1038	8	20	5	7	1	86
2904	1037	8	20	5	8	1	85
2905	1036	8	20	5	9	1	84
2906	1035	8	20	5	10	1	83
2907	1034	8	20	5	11	1	82
2908	1033	8	20	5	12	1	81
2909	1032	8	20	5	13	1	80
2910	1031	8	20	5	14	1	79
2911	1030	8	20	5	15	1	78
2912	1029	8	20	6	0	1	77
2913	1028	8	20	6	1	1	76
2914	1027	8	20	6	2	1	75
2915	1026	8	20	6	3	1	74
2916	1025	8	20	6	4	1	73
2917	1024	8	20	6	5	1	72
2918	1023	8	20	6	6	1	71
2919	1022	8	20	6	7	1	70
2920	1021	8	20	6	8	1	69
2921	1020	8	20	6	9	1	68
2922	1019	8	20	6	10	1	67
2923	1018	8	20	6	11	1	66
2924	1017	8	20	6	12	1	65
2925	1016	8	20	6	13	1	64
2926	1015	8	20	6	14	1	63
2927	1014	8	20	6	15	1	62
2928	158	8	20	7	0	0	158
2929	159	8	20	7	1	0	159
2930	160	8	20	7	2	0	160
2931	161	8	20	7	3	0	161
2932	162	8	20	7	4	0	162
2933	163	8	20	7	5	0	163
2934	164	8	20	7	6	0	164
2935	165	8	20	7	7	0	165
2936	166	8	20	7	8	0	166
2937	167	8	20	7	9	0	167
2938	168	8	20	7	10	0	168
2939	169	8	20	7	11	0	169
2940	170	8	20	7	12	0	170
2941	171	8	20	7	13	0	171
2942	172	8	20	7	14	0	172
2943	173	8	20	7	15	0	173
2944	270	8	19	0	0	0	270
2945	271	8	19	0	1	0	271
2946	272	8	19	0	2	0	272
2947	273	8	19	0	3	0	273
2948	274	8	19	0	4	0	274
2949	275	8	19	0	5	0	275
2950	276	8	19	0	6	0	276
2951	277	8	19	0	7	0	277
2952	278	8	19	0	8	0	278
2953	279	8	19	0	9	0	279
2954	280	8	19	0	10	0	280
2955	281	8	19	0	11	0	281
2956	282	8	19	0	12	0	282
2957	283	8	19	0	13	0	283
2958	284	8	19	0	14	0	284
2959	285	8	19	0	15	0	285
2960	1141	8	19	1	0	1	189
2961	1140	8	19	1	1	1	188
2962	1139	8	19	1	2	1	187
2963	1138	8	19	1	3	1	186
2964	1137	8	19	1	4	1	185
2965	1136	8	19	1	5	1	184
2966	1135	8	19	1	6	1	183
2967	1134	8	19	1	7	1	182
2968	1133	8	19	1	8	1	181
2969	1132	8	19	1	9	1	180
2970	1131	8	19	1	10	1	179
2971	1130	8	19	1	11	1	178
2972	1129	8	19	1	12	1	177
2973	1128	8	19	1	13	1	176
2974	1127	8	19	1	14	1	175
2975	1126	8	19	1	15	1	174
2976	1125	8	19	2	0	1	173
2977	1124	8	19	2	1	1	172
2978	1123	8	19	2	2	1	171
2979	1122	8	19	2	3	1	170
2980	1121	8	19	2	4	1	169
2981	1120	8	19	2	5	1	168
2982	1119	8	19	2	6	1	167
2983	1118	8	19	2	7	1	166
2984	1117	8	19	2	8	1	165
2985	1116	8	19	2	9	1	164
2986	1115	8	19	2	10	1	163
2987	1114	8	19	2	11	1	162
2988	1113	8	19	2	12	1	161
2989	1112	8	19	2	13	1	160
2990	1111	8	19	2	14	1	159
2991	1110	8	19	2	15	1	158
2992	254	8	19	3	0	0	254
2993	255	8	19	3	1	0	255
2994	256	8	19	3	2	0	256
2995	257	8	19	3	3	0	257
2996	258	8	19	3	4	0	258
2997	259	8	19	3	5	0	259
2998	260	8	19	3	6	0	260
2999	261	8	19	3	7	0	261
3000	262	8	19	3	8	0	262
3001	263	8	19	3	9	0	263
3002	264	8	19	3	10	0	264
3003	265	8	19	3	11	0	265
3004	266	8	19	3	12	0	266
3005	267	8	19	3	13	0	267
3006	268	8	19	3	14	0	268
3007	269	8	19	3	15	0	269
3008	238	8	19	4	0	0	238
3009	239	8	19	4	1	0	239
3010	240	8	19	4	2	0	240
3011	241	8	19	4	3	0	241
3012	242	8	19	4	4	0	242
3013	243	8	19	4	5	0	243
3014	244	8	19	4	6	0	244
3015	245	8	19	4	7	0	245
3016	246	8	19	4	8	0	246
3017	247	8	19	4	9	0	247
3018	248	8	19	4	10	0	248
3019	249	8	19	4	11	0	249
3020	250	8	19	4	12	0	250
3021	251	8	19	4	13	0	251
3022	252	8	19	4	14	0	252
3023	253	8	19	4	15	0	253
3024	1109	8	19	5	0	1	157
3025	1108	8	19	5	1	1	156
3026	1107	8	19	5	2	1	155
3027	1106	8	19	5	3	1	154
3028	1105	8	19	5	4	1	153
3029	1104	8	19	5	5	1	152
3030	1103	8	19	5	6	1	151
3031	1102	8	19	5	7	1	150
3032	1101	8	19	5	8	1	149
3033	1100	8	19	5	9	1	148
3034	1099	8	19	5	10	1	147
3035	1098	8	19	5	11	1	146
3036	1097	8	19	5	12	1	145
3037	1096	8	19	5	13	1	144
3038	1095	8	19	5	14	1	143
3039	1094	8	19	5	15	1	142
3040	1093	8	19	6	0	1	141
3041	1092	8	19	6	1	1	140
3042	1091	8	19	6	2	1	139
3043	1090	8	19	6	3	1	138
3044	1089	8	19	6	4	1	137
3045	1088	8	19	6	5	1	136
3046	1087	8	19	6	6	1	135
3047	1086	8	19	6	7	1	134
3048	1085	8	19	6	8	1	133
3049	1084	8	19	6	9	1	132
3050	1083	8	19	6	10	1	131
3051	1082	8	19	6	11	1	130
3052	1081	8	19	6	12	1	129
3053	1080	8	19	6	13	1	128
3054	1079	8	19	6	14	1	127
3055	1078	8	19	6	15	1	126
3056	222	8	19	7	0	0	222
3057	223	8	19	7	1	0	223
3058	224	8	19	7	2	0	224
3059	225	8	19	7	3	0	225
3060	226	8	19	7	4	0	226
3061	227	8	19	7	5	0	227
3062	228	8	19	7	6	0	228
3063	229	8	19	7	7	0	229
3064	230	8	19	7	8	0	230
3065	231	8	19	7	9	0	231
3066	232	8	19	7	10	0	232
3067	233	8	19	7	11	0	233
3068	234	8	19	7	12	0	234
3069	235	8	19	7	13	0	235
3070	236	8	19	7	14	0	236
3071	237	8	19	7	15	0	237
